method,dimension,iteration,x,f_val,dist_to_min,step_size,grad_norm,grad_cosine_sim,rel_improvement_f,rel_improvement_dist,rel_improvement_grad
GradientDescent,8192,0,,0.13401048442071373,2.2782359821361564,,0.073087875687571,,,,
GradientDescent,8192,1,,0.13400514261534058,2.2781628948527355,7.30878756875691e-05,0.07308699458172263,0.9999999999998951,3.986110039255576e-05,3.208064660290186e-05,1.205543108315869e-05
GradientDescent,8192,2,,0.13399980093876396,2.278089808450316,7.308699458172012e-05,0.07308611348220319,0.9999999999998951,3.986172823197757e-05,3.208128908804633e-05,1.205548982394233e-05
GradientDescent,8192,3,,0.13399445939097676,2.2780167229288923,7.308611348220071e-05,0.07308523238901286,0.999999999999895,3.986235613616729e-05,3.208193160454334e-05,1.205554856243998e-05
GradientDescent,8192,4,,0.133989117971979,2.277943638288458,7.308523238901456e-05,0.07308435130215182,0.9999999999998954,3.986298405210518e-05,3.20825741525902e-05,1.2055607299031283e-05
GradientDescent,8192,5,,0.13398377668177064,2.277870554529007,7.308435130214862e-05,0.07308347022162033,0.9999999999998956,3.986361197979085e-05,3.208321673218928e-05,1.2055666032386915e-05
GradientDescent,8192,6,,0.13397843552034816,2.2777974716505334,7.308347022162317e-05,0.07308258914741854,0.9999999999998954,3.98642399457399e-05,3.208385934334296e-05,1.2055724764025818e-05
GradientDescent,8192,7,,0.13397309448770445,2.2777243896530295,7.308258914742068e-05,0.07308170807954667,0.9999999999998951,3.98648679764732e-05,3.208450198644356e-05,1.205578349299843e-05
GradientDescent,8192,8,,0.13396775358385016,2.2776513085364902,7.308170807954653e-05,0.0730808270180049,0.999999999999895,3.9865495939408225e-05,3.208514466071362e-05,1.2055842219874282e-05
GradientDescent,8192,9,,0.13396241280876398,2.277578228300908,7.308082701800365e-05,0.07307994596279342,0.9999999999998948,3.986612407320443e-05,3.208578736713035e-05,1.2055900944653258e-05
GradientDescent,8192,10,,0.13395707216245656,2.2775051489462776,7.307994596279354e-05,0.07307906491391244,0.9999999999998955,3.986675213920473e-05,3.208643010472129e-05,1.2055959666765538e-05
GradientDescent,8192,11,,0.13395173164491725,2.2774320704725928,7.307906491391181e-05,0.0730781838713622,0.9999999999998952,3.986738029652375e-05,3.208707287387876e-05,1.2056018386210973e-05
GradientDescent,8192,12,,0.13394639125615315,2.2773589928798463,7.307818387136603e-05,0.07307730283514283,0.9999999999998954,3.986800841256205e-05,3.208771567499511e-05,1.2056077103938932e-05
GradientDescent,8192,13,,0.1339410509961536,2.2772859161680334,7.307730283514362e-05,0.07307642180525453,0.9999999999998955,3.986863661992777e-05,3.208835850709778e-05,1.2056135819379597e-05
GradientDescent,8192,14,,0.13393571086492218,2.2772128403371457,7.30764218052568e-05,0.07307554078169758,0.9999999999998952,3.986926481253537e-05,3.208900137174914e-05,1.2056194531583299e-05
GradientDescent,8192,15,,0.13393037086245174,2.2771397653871785,7.307554078169639e-05,0.07307465976447206,0.9999999999998954,3.986989306995675e-05,3.208964426719656e-05,1.205625324282878e-05
GradientDescent,8192,16,,0.1339250309887423,2.277066691318125,7.307465976447039e-05,0.07307377875357829,0.9999999999998954,3.987052133914683e-05,3.2090287194612445e-05,1.2056311950077379e-05
GradientDescent,8192,17,,0.13391969124379033,2.276993618129979,7.307377875357834e-05,0.07307289774901636,0.9999999999998955,3.987114964663283e-05,3.209093015360918e-05,1.2056370656557433e-05
GradientDescent,8192,18,,0.13391435162759224,2.276920545822733,7.307289774901697e-05,0.07307201675078652,0.9999999999998958,3.987177799241858e-05,3.20915731445792e-05,1.205642935998988e-05
GradientDescent,8192,19,,0.13390901214014805,2.2768474743963827,7.30720167507854e-05,0.07307113575888899,0.9999999999998961,3.987240634997816e-05,3.209221616635472e-05,1.2056488060754393e-05
GradientDescent,8192,20,,0.1339036727814542,2.27677440385092,7.307113575888871e-05,0.0730702547733239,0.9999999999998954,3.987303474584197e-05,3.209285922069341e-05,1.205654675999035e-05
GradientDescent,8192,21,,0.13389833355150715,2.27670133418634,7.307025477332738e-05,0.07306937379409152,0.9999999999998959,3.987366318001384e-05,3.209350230584233e-05,1.2056605456178272e-05
GradientDescent,8192,22,,0.1338929944503069,2.2766282654026355,7.306937379409019e-05,0.073068492821192,0.9999999999998958,3.987429162596467e-05,3.209414542316916e-05,1.2056664150457547e-05
GradientDescent,8192,23,,0.13388765547784987,2.2765551974998,7.306849282119406e-05,0.07306761185462557,0.9999999999998955,3.987492011022804e-05,3.209478857209117e-05,1.2056722842068346e-05
GradientDescent,8192,24,,0.13388231663413253,2.2764821304778287,7.306761185462741e-05,0.07306673089439239,0.9999999999998954,3.987554863280777e-05,3.20954317522206e-05,1.2056781531770248e-05
GradientDescent,8192,25,,0.13387697791915487,2.276409064336713,7.306673089439558e-05,0.07306584994049269,0.9999999999998958,3.9876177167171615e-05,3.209607496473025e-05,1.2056840218803407e-05
GradientDescent,8192,26,,0.1338716393329098,2.2763359990764482,7.306584994049152e-05,0.07306496899292664,0.9999999999998955,3.987680576639346e-05,3.2096718208257006e-05,1.205689890373748e-05
GradientDescent,8192,27,,0.1338663008753973,2.2762629346970273,7.306496899292796e-05,0.07306408805169445,0.9999999999998954,3.987743437740494e-05,3.209736148377864e-05,1.2056957586192474e-05
GradientDescent,8192,28,,0.1338609625466174,2.2761898711984445,7.306408805169502e-05,0.07306320711679633,0.9999999999998955,3.987806300020567e-05,3.20980047907123e-05,1.2057016266358186e-05
GradientDescent,8192,29,,0.1338556243465665,2.276116808580693,7.306320711679899e-05,0.07306232618823248,0.999999999999896,3.9878691661335567e-05,3.209864812945054e-05,1.2057074943854604e-05
GradientDescent,8192,30,,0.13385028627523754,2.276043746843767,7.30623261882374e-05,0.07306144526600307,0.9999999999998953,3.987932038733985e-05,3.2099291499800655e-05,1.20571336196313e-05
GradientDescent,8192,31,,0.13384494833263405,2.2759706859876596,7.306144526600663e-05,0.07306056435010833,0.9999999999998959,3.987994909859924e-05,3.2099934901765045e-05,1.2057192292548492e-05
GradientDescent,8192,32,,0.13383961051875248,2.2758976260123656,7.306056435010893e-05,0.07305968344054842,0.9999999999998959,3.9880577848196116e-05,3.2100578335150976e-05,1.2057250963555767e-05
GradientDescent,8192,33,,0.13383427283358573,2.2758245669178767,7.305968344054823e-05,0.07305880253732357,0.999999999999896,3.9881206662678866e-05,3.210122180093643e-05,1.2057309631893208e-05
GradientDescent,8192,34,,0.1338289352771409,2.275751508704188,7.30588025373209e-05,0.07305792164043394,0.999999999999896,3.988183543587308e-05,3.210186529775797e-05,1.205736829832048e-05
GradientDescent,8192,35,,0.13382359784940023,2.275678451371293,7.305792164043392e-05,0.07305704074987979,0.9999999999998956,3.988246435359664e-05,3.21025088265936e-05,1.2057426961697737e-05
GradientDescent,8192,36,,0.13381826055037438,2.275605394919186,7.305704074988003e-05,0.07305615986566126,0.9999999999998955,3.9883093203488416e-05,3.2103152386470034e-05,1.205748562335452e-05
GradientDescent,8192,37,,0.13381292338005624,2.275532339347859,7.30561598656627e-05,0.07305527898777857,0.9999999999998959,3.988372211827927e-05,3.210379597895079e-05,1.2057544282530883e-05
GradientDescent,8192,38,,0.13380758633844225,2.2754592846573063,7.30552789877797e-05,0.07305439811623193,0.9999999999998959,3.9884351071427435e-05,3.210443960267228e-05,1.2057602939036726e-05
GradientDescent,8192,39,,0.13380224942553598,2.275386230847523,7.305439811622694e-05,0.0730535172510215,0.9999999999998955,3.988498000983491e-05,3.210508325763683e-05,1.2057661594011688e-05
GradientDescent,8192,40,,0.13379691264132676,2.275313177918501,7.305351725101892e-05,0.0730526363921475,0.9999999999998956,3.988560903970494e-05,3.210572694501782e-05,1.205772024593594e-05
GradientDescent,8192,41,,0.1337915759858217,2.2752401258702353,7.305263639214519e-05,0.07305175553961014,0.9999999999998956,3.988623802828469e-05,3.2106370663451484e-05,1.205777889556919e-05
GradientDescent,8192,42,,0.13378623945900658,2.2751670747027184,7.305175553961037e-05,0.0730508746934096,0.9999999999998955,3.988686713488981e-05,3.210701441411123e-05,1.2057837543291253e-05
GradientDescent,8192,43,,0.13378090306088497,2.2750940244159445,7.305087469340779e-05,0.07304999385354607,0.999999999999896,3.988749622676111e-05,3.2107658196218776e-05,1.2057896188342122e-05
GradientDescent,8192,44,,0.13377556679145686,2.275020975009908,7.30499938535463e-05,0.07304911302001979,0.9999999999998953,3.9888125330450155e-05,3.2108302009776486e-05,1.2057954830911623e-05
GradientDescent,8192,45,,0.13377023065071159,2.274947926484601,7.30491130200193e-05,0.07304823219283091,0.9999999999998955,3.988875452562835e-05,3.210894585556752e-05,1.2058013471569553e-05
GradientDescent,8192,46,,0.13376489463865981,2.2748748788400186,7.304823219283085e-05,0.07304735137197962,0.9999999999998959,3.9889383652958046e-05,3.21095897326183e-05,1.205807210993584e-05
GradientDescent,8192,47,,0.13375955875528378,2.2748018320761534,7.304735137198055e-05,0.07304647055746616,0.9999999999998964,3.989001292490122e-05,3.211023364171204e-05,1.2058130745630384e-05
GradientDescent,8192,48,,0.13375422300059414,2.274728786193,7.304647055746812e-05,0.07304558974929073,0.9999999999998958,3.989064212899508e-05,3.2110877582070275e-05,1.2058189378653039e-05
GradientDescent,8192,49,,0.1337488873745838,2.274655741190552,7.304558974928678e-05,0.07304470894745348,0.9999999999998958,3.989127139803405e-05,3.211152155428104e-05,1.205824801033357e-05
GradientDescent,8192,50,,0.13374355187724563,2.274582697068803,7.304470894745219e-05,0.07304382815195463,0.9999999999998963,3.989190073202622e-05,3.211216555834674e-05,1.2058306638961983e-05
GradientDescent,8192,51,,0.1337382165085832,2.2745096538277454,7.304382815195336e-05,0.07304294736279442,0.999999999999896,3.989253005128876e-05,3.21128095942698e-05,1.2058365265108087e-05
GradientDescent,8192,52,,0.13373288126859295,2.2744366114673746,7.304294736278953e-05,0.07304206657997296,0.9999999999998958,3.9893159408946423e-05,3.211345366146689e-05,1.2058423889721716e-05
GradientDescent,8192,53,,0.13372754615726778,2.274363569987684,7.304206657997214e-05,0.07304118580349053,0.9999999999998956,3.989378883156879e-05,3.2114097760526106e-05,1.2058482511092803e-05
GradientDescent,8192,54,,0.13372221117461125,2.274290529388666,7.304118580348784e-05,0.07304030503334728,0.9999999999998958,3.989441823946352e-05,3.211474189164513e-05,1.2058541130741169e-05
GradientDescent,8192,55,,0.13371687632061624,2.274217489670315,7.304030503334715e-05,0.07303942426954341,0.9999999999998958,3.989504771232957e-05,3.2115386054240604e-05,1.2058599748096703e-05
GradientDescent,8192,56,,0.1337115415952863,2.274144450832626,7.303942426954718e-05,0.07303854351207913,0.9999999999998956,3.9895677170468235e-05,3.211603024811962e-05,1.2058658362779268e-05
GradientDescent,8192,57,,0.1337062069986108,2.274071412875591,7.303854351208027e-05,0.07303766276095464,0.9999999999998956,3.9896306720154834e-05,3.211667447445618e-05,1.205871697516873e-05
GradientDescent,8192,58,,0.13370087253059326,2.273998375799204,7.303766276095359e-05,0.07303678201617012,0.9999999999998956,3.9896936255117494e-05,3.211731873208109e-05,1.2058775585454964e-05
GradientDescent,8192,59,,0.13369553819123015,2.273925339603459,7.3036782016168e-05,0.07303590127772577,0.9999999999998963,3.989756582849579e-05,3.211796302158255e-05,1.205883419325783e-05
GradientDescent,8192,60,,0.13369020398051434,2.273852304288349,7.303590127772714e-05,0.07303502054562183,0.999999999999896,3.989819546686673e-05,3.211860734296297e-05,1.2058892798387171e-05
GradientDescent,8192,61,,0.13368486989845296,2.2737792698538692,7.303502054562151e-05,0.07303413981985843,0.9999999999998961,3.989882506394149e-05,3.211925169544357e-05,1.2058951401982936e-05
GradientDescent,8192,62,,0.13367953594503534,2.2737062363000113,7.303413981985668e-05,0.07303325910043584,0.9999999999998954,3.9899454752587615e-05,3.211989608058913e-05,1.2059010002144852e-05
GradientDescent,8192,63,,0.13367420212025793,2.2736332036267712,7.303325910043787e-05,0.07303237838735416,0.9999999999998958,3.990008447966475e-05,3.212054049644902e-05,1.2059068601533014e-05
GradientDescent,8192,64,,0.13366886842412784,2.27356017183414,7.30323783873565e-05,0.07303149768061368,0.9999999999998958,3.99007141654445e-05,3.212118494517405e-05,1.2059127197107008e-05
GradientDescent,8192,65,,0.13366353485663085,2.273487140922114,7.303149768061497e-05,0.07303061698021457,0.9999999999998961,3.990134396938881e-05,3.2121829424618146e-05,1.2059185790766877e-05
GradientDescent,8192,66,,0.13365820141777407,2.2734141108906845,7.30306169802138e-05,0.07302973628615698,0.999999999999896,3.9901973732037055e-05,3.212247393654159e-05,1.2059244382702533e-05
GradientDescent,8192,67,,0.1336528681075504,2.2733410817398467,7.30297362861559e-05,0.07302885559844118,0.9999999999998962,3.9902603559702724e-05,3.212311847977484e-05,1.2059302971583672e-05
GradientDescent,8192,68,,0.13364753492595982,2.273268053469594,7.302885559844121e-05,0.07302797491706732,0.9999999999998961,3.99032333992306e-05,3.212376305490626e-05,1.2059361558360285e-05
GradientDescent,8192,69,,0.13364220187299525,2.27319502607992,7.30279749170648e-05,0.07302709424203561,0.9999999999998961,3.99038633037857e-05,3.212440766174294e-05,1.2059420142842213e-05
GradientDescent,8192,70,,0.13363686894865667,2.273121999570818,7.302709424203361e-05,0.07302621357334624,0.9999999999998964,3.990449322020858e-05,3.212505230048261e-05,1.2059478725219366e-05
GradientDescent,8192,71,,0.1336315361529441,2.2730489739422817,7.302621357334436e-05,0.07302533291099941,0.9999999999998962,3.990512314849883e-05,3.2125696970932345e-05,1.2059537304921505e-05
GradientDescent,8192,72,,0.13362620348585041,2.2729759491943056,7.302533291100051e-05,0.07302445225499533,0.9999999999998962,3.9905753141827845e-05,3.212634167289915e-05,1.2059595882328565e-05
GradientDescent,8192,73,,0.13362087094737918,2.2729029253268824,7.302445225499495e-05,0.07302357160533418,0.9999999999998961,3.9906383120442855e-05,3.212698640697155e-05,1.2059654457630454e-05
GradientDescent,8192,74,,0.13361553853752328,2.2728299023400065,7.302357160533351e-05,0.07302269096201616,0.9999999999998964,3.990701316410325e-05,3.2127631172565824e-05,1.2059713030446967e-05
GradientDescent,8192,75,,0.13361020625628273,2.2727568802336715,7.302269096201336e-05,0.0730218103250415,0.9999999999998964,3.990764321963899e-05,3.212827596987973e-05,1.205977160058791e-05
GradientDescent,8192,76,,0.1336048741036504,2.27268385900787,7.302181032503802e-05,0.07302092969441033,0.9999999999998962,3.990827334022993e-05,3.212892079950186e-05,1.2059830169193438e-05
GradientDescent,8192,77,,0.13359954207962987,2.272610838662597,7.302092969440793e-05,0.07302004907012292,0.9999999999998965,3.9908903446110584e-05,3.212956566026227e-05,1.2059888734552988e-05
GradientDescent,8192,78,,0.13359421018421402,2.2725378191978454,7.302004907012333e-05,0.07301916845217941,0.9999999999998958,3.990953361705308e-05,3.2130210553140324e-05,1.205994729837687e-05
GradientDescent,8192,79,,0.1335888784174064,2.27246480061361,7.301916845217898e-05,0.07301828784058002,0.9999999999998961,3.9910163773285544e-05,3.2130855477356806e-05,1.2060005859524652e-05
GradientDescent,8192,80,,0.13358354677919637,2.272391782909882,7.30182878405759e-05,0.07301740723532496,0.9999999999998962,3.9910794021180866e-05,3.2131500434282014e-05,1.2060064418186246e-05
GradientDescent,8192,81,,0.13357821526958746,2.2723187660866575,7.301740723532231e-05,0.0730165266364144,0.9999999999998959,3.9911424254369616e-05,3.213214542215963e-05,1.2060122974741633e-05
GradientDescent,8192,82,,0.13357288388857258,2.27224575014393,7.301652663641742e-05,0.07301564604384854,0.9999999999998961,3.991205455263666e-05,3.213279044177366e-05,1.2060181529190691e-05
GradientDescent,8192,83,,0.13356755263615172,2.272172735081692,7.301564604384492e-05,0.07301476545762761,0.9999999999998959,3.991268486279497e-05,3.213343549371286e-05,1.206024008058297e-05
GradientDescent,8192,84,,0.13356222151232844,2.272099720899938,7.301476545762619e-05,0.07301388487775175,0.9999999999998959,3.9913315158245505e-05,3.213408057700244e-05,1.206029863062892e-05
GradientDescent,8192,85,,0.13355689051708852,2.2720267075986604,7.301388487775309e-05,0.07301300430422121,0.9999999999998962,3.9913945571982085e-05,3.213472569262203e-05,1.2060357177427745e-05
GradientDescent,8192,86,,0.13355155965043553,2.2719536951778547,7.301300430422106e-05,0.07301212373703617,0.9999999999998965,3.9914575971017534e-05,3.213537083940134e-05,1.2060415722309783e-05
GradientDescent,8192,87,,0.13354622891236945,2.271880683637513,7.301212373703386e-05,0.07301124317619684,0.9999999999998963,3.991520638194903e-05,3.2136016018515485e-05,1.206047426451462e-05
GradientDescent,8192,88,,0.13354089830288673,2.271807672977631,7.301124317619959e-05,0.07301036262170338,0.9999999999998959,3.991583683137905e-05,3.2136661228794116e-05,1.2060532804992495e-05
GradientDescent,8192,89,,0.13353556782198028,2.2717346631982003,7.301036262170153e-05,0.07300948207355601,0.9999999999998962,3.991646734591538e-05,3.213730647141242e-05,1.2060591342792905e-05
GradientDescent,8192,90,,0.13353023746964654,2.2716616542992143,7.300948207355468e-05,0.07300860153175492,0.9999999999998962,3.991709789896112e-05,3.213795174617738e-05,1.2060649878295866e-05
GradientDescent,8192,91,,0.13352490724589616,2.2715886462806694,7.300860153175488e-05,0.0730077209963003,0.999999999999896,3.9917728384095874e-05,3.213859705152753e-05,1.2060708411691333e-05
GradientDescent,8192,92,,0.13351957715071494,2.2715156391425566,7.300772099630011e-05,0.07300684046719237,0.9999999999998965,3.991835898755637e-05,3.213924238981109e-05,1.2060766942408923e-05
GradientDescent,8192,93,,0.13351424718409932,2.2714426328848707,7.300684046718958e-05,0.07300595994443132,0.9999999999998963,3.991898962953465e-05,3.213988775946657e-05,1.2060825470828666e-05
GradientDescent,8192,94,,0.1335089173460564,2.271369627507605,7.30059599444298e-05,0.07300507942801734,0.999999999999896,3.991962023020682e-05,3.214053316108285e-05,1.2060883996950432e-05
GradientDescent,8192,95,,0.133503587636572,2.2712966230107536,7.30050794280181e-05,0.07300419891795062,0.9999999999998965,3.9920250949225854e-05,3.214117859427133e-05,1.2060942520964182e-05
GradientDescent,8192,96,,0.13349825805565319,2.2712236193943096,7.300419891795087e-05,0.07300331841423136,0.9999999999998965,3.992088162694011e-05,3.214182405962095e-05,1.2061001042679701e-05
GradientDescent,8192,97,,0.13349292860329287,2.2711506166582676,7.300331841423113e-05,0.07300243791685979,0.9999999999998969,3.992151236979044e-05,3.214246955635205e-05,1.2061059561336464e-05
GradientDescent,8192,98,,0.13348759927949105,2.2710776148026204,7.30024379168596e-05,0.07300155742583604,0.9999999999998963,3.992214312455795e-05,3.214311508524912e-05,1.206111807864521e-05
GradientDescent,8192,99,,0.13348227008424418,2.271004613827362,7.300155742583652e-05,0.07300067694116037,0.9999999999998962,3.992277391785681e-05,3.214376064592353e-05,1.2061176592894926e-05
GradientDescent,8192,100,,0.1334769410175487,2.2709316137324853,7.300067694115786e-05,0.07299979646283294,0.9999999999998965,3.9923404749690866e-05,3.214440623857321e-05,1.206123510522608e-05
GradientDescent,8192,101,,0.1334716120793975,2.270858614517986,7.29997964628347e-05,0.07299891599085395,0.9999999999998966,3.992403564668066e-05,3.21450518624184e-05,1.2061293615258341e-05
GradientDescent,8192,102,,0.13346628326980126,2.270785616183855,7.299891599085678e-05,0.07299803552522362,0.9999999999998963,3.992466647574557e-05,3.2145697519025894e-05,1.2061352122611361e-05
GradientDescent,8192,103,,0.1334609545887493,2.2707126187300886,7.299803552522394e-05,0.07299715506594212,0.9999999999998962,3.9925297396585306e-05,3.214634320663812e-05,1.2061410627855327e-05
GradientDescent,8192,104,,0.1334556260362345,2.2706396221566783,7.299715506593944e-05,0.07299627461300967,0.9999999999998963,3.992592838259235e-05,3.214698892682197e-05,1.2061469130609888e-05
GradientDescent,8192,105,,0.133450297612264,2.270566626463619,7.299627461301228e-05,0.07299539416642643,0.9999999999998966,3.992655932729107e-05,3.2147634678406465e-05,1.2061527631445256e-05
GradientDescent,8192,106,,0.13344496931682714,2.2704936316509046,7.299539416642369e-05,0.07299451372619264,0.9999999999998966,3.992719036378256e-05,3.214828046158955e-05,1.2061586129410722e-05
GradientDescent,8192,107,,0.1334396411499239,2.270420637718528,7.29945137261935e-05,0.07299363329230849,0.9999999999998963,3.992782141221e-05,3.214892627715597e-05,1.2061644625266615e-05
GradientDescent,8192,108,,0.13343431311155785,2.270347644666483,7.299363329231004e-05,0.07299275286477414,0.9999999999998964,3.9928452445948865e-05,3.21495721243258e-05,1.2061703119012811e-05
GradientDescent,8192,109,,0.1334289852017183,2.2702746524947637,7.299275286477421e-05,0.07299187244358982,0.9999999999998963,3.992908357149527e-05,3.215021800329704e-05,1.2061761610078813e-05
GradientDescent,8192,110,,0.1334236574204053,2.270201661203363,7.299187244359354e-05,0.07299099202875572,0.9999999999998963,3.9929714708982816e-05,3.2150863914463305e-05,1.2061820098844728e-05
GradientDescent,8192,111,,0.1334183297676188,2.270128670792275,7.299099202875532e-05,0.07299011162027201,0.9999999999998967,3.9930345858411116e-05,3.215150985704458e-05,1.2061878585880815e-05
GradientDescent,8192,112,,0.13341300224335528,2.270055681261494,7.299011162027267e-05,0.07298923121813894,0.9999999999998967,3.993097704640815e-05,3.2152155831630104e-05,1.2061937069665912e-05
GradientDescent,8192,113,,0.13340767484761118,2.2699826926110123,7.298923121814054e-05,0.07298835082235668,0.9999999999998966,3.993160827297778e-05,3.215280183841792e-05,1.2061995551530786e-05
GradientDescent,8192,114,,0.1334023475803865,2.2699097048408254,7.298835082235581e-05,0.0729874704329254,0.9999999999998967,3.9932239511493365e-05,3.2153447876236676e-05,1.2062054031285187e-05
GradientDescent,8192,115,,0.13339702044167412,2.2698367179509247,7.298747043292834e-05,0.07298659004984534,0.9999999999998964,3.993287081521764e-05,3.2154093947045094e-05,1.2062112508358577e-05
GradientDescent,8192,116,,0.13339169343147406,2.2697637319413055,7.298659004984526e-05,0.07298570967311664,0.9999999999998963,3.9933502130893464e-05,3.2154740048889246e-05,1.2062170983701512e-05
GradientDescent,8192,117,,0.1333863665497863,2.269690746811961,7.298570967311496e-05,0.07298482930273956,0.9999999999998966,3.9934133458520433e-05,3.2155386182945377e-05,1.2062229455982884e-05
GradientDescent,8192,118,,0.13338103979660376,2.269617762562885,7.29848293027378e-05,0.07298394893871425,0.9999999999998967,3.9934764851367687e-05,3.2156032348628945e-05,1.2062287926343404e-05
GradientDescent,8192,119,,0.13337571317192642,2.2695447791940717,7.298394893871418e-05,0.07298306858104095,0.9999999999998966,3.993539625617169e-05,3.215667854613801e-05,1.2062346394022363e-05
GradientDescent,8192,120,,0.13337038667575074,2.269471796705513,7.298306858103973e-05,0.0729821882297198,0.999999999999897,3.9936027699568935e-05,3.2157324776257656e-05,1.2062404859970367e-05
GradientDescent,8192,121,,0.1333650603080767,2.2693988150972038,7.298218822971709e-05,0.07298130788475106,0.999999999999897,3.9936659154925336e-05,3.215797103762065e-05,1.2062463322856241e-05
GradientDescent,8192,122,,0.13335973406890433,2.2693258343691385,7.298130788474943e-05,0.07298042754613489,0.9999999999998971,3.9937290622240494e-05,3.215861733062069e-05,1.2062521783820751e-05
GradientDescent,8192,123,,0.1333544079582194,2.269252854521309,7.298042754613369e-05,0.07297954721387147,0.9999999999998967,3.9937922208074344e-05,3.215926365623862e-05,1.2062580242673625e-05
GradientDescent,8192,124,,0.13334908197603257,2.26917987555371,7.297954721387161e-05,0.07297866688796104,0.9999999999998966,3.9938553725955505e-05,3.215991001349846e-05,1.2062638698654104e-05
GradientDescent,8192,125,,0.13334375612233318,2.2691068974663353,7.297866688796181e-05,0.07297778656840377,0.9999999999998966,3.993918533572407e-05,3.216055640220687e-05,1.2062697152522677e-05
GradientDescent,8192,126,,0.13333843039712123,2.269033920259179,7.29777865684092e-05,0.07297690625519984,0.9999999999998965,3.9939816957462595e-05,3.216120282295336e-05,1.2062755604469389e-05
GradientDescent,8192,127,,0.13333310480039673,2.268960943932233,7.297690625519627e-05,0.07297602594834948,0.9999999999998967,3.994044859117069e-05,3.216184927613178e-05,1.206281405354329e-05
GradientDescent,8192,128,,0.13332777933215256,2.268887968485492,7.297602594835015e-05,0.07297514564785286,0.9999999999998974,3.9941080290138764e-05,3.2162495760961744e-05,1.2062872500695071e-05
GradientDescent,8192,129,,0.1333224539923923,2.26881499391895,7.297514564785315e-05,0.07297426535371021,0.9999999999998971,3.9941711974435546e-05,3.2163142277445613e-05,1.206293094497376e-05
GradientDescent,8192,130,,0.1333171287811088,2.2687420202326005,7.297426535371012e-05,0.07297338506592169,0.9999999999998967,3.994234372399897e-05,3.216378882597725e-05,1.2062989387520243e-05
GradientDescent,8192,131,,0.13331180369829854,2.268669047426437,7.297338506592296e-05,0.0729725047844875,0.9999999999998967,3.994297551218857e-05,3.216443540636336e-05,1.2063047827573712e-05
GradientDescent,8192,132,,0.1333064787439615,2.2685960755004526,7.297250478448742e-05,0.07297162450940786,0.9999999999998969,3.994360731235856e-05,3.216508201899783e-05,1.2063106264943848e-05
GradientDescent,8192,133,,0.13330115391809416,2.268523104454642,7.297162450940577e-05,0.07297074424068298,0.9999999999998971,3.994423915115926e-05,3.2165728663100115e-05,1.2063164700010865e-05
GradientDescent,8192,134,,0.1332958292206965,2.268450134288998,7.297074424068072e-05,0.072969863978313,0.9999999999998965,3.994487100194276e-05,3.2166375339259846e-05,1.206322313334518e-05
GradientDescent,8192,135,,0.13329050465176495,2.268377165003515,7.29698639783111e-05,0.07296898372229814,0.9999999999998964,3.994550289136151e-05,3.216702204747947e-05,1.2063281563995763e-05
GradientDescent,8192,136,,0.13328518021129598,2.2683041965981863,7.296898372229732e-05,0.07296810347263862,0.9999999999998969,3.9946134819419395e-05,3.2167668787369864e-05,1.2063339992152653e-05
GradientDescent,8192,137,,0.13327985589928604,2.2682312290730056,7.29681034726388e-05,0.07296722322933458,0.9999999999998971,3.994676678612026e-05,3.216831555932498e-05,1.2063398418576469e-05
GradientDescent,8192,138,,0.13327453171573156,2.268158262427966,7.296722322933807e-05,0.0729663429923863,0.9999999999998974,3.9947398791468e-05,3.216896236334726e-05,1.206345684155538e-05
GradientDescent,8192,139,,0.1332692076606361,2.268085296663062,7.296634299238094e-05,0.07296546276179391,0.9999999999998969,3.994803078215224e-05,3.2169609199243334e-05,1.2063515263181336e-05
GradientDescent,8192,140,,0.13326388373399256,2.268012331778287,7.296546276179594e-05,0.07296458253755764,0.9999999999998969,3.994866283814288e-05,3.2170256066624026e-05,1.2063573682122878e-05
GradientDescent,8192,141,,0.13325855993580094,2.2679393677736344,7.296458253755911e-05,0.07296370231967765,0.9999999999998969,3.994929490612954e-05,3.2170902966666525e-05,1.2063632098950453e-05
GradientDescent,8192,142,,0.13325323626605767,2.2678664046490984,7.296370231967832e-05,0.07296282210815418,0.9999999999998972,3.9949927012772155e-05,3.217154989800266e-05,1.2063690513093335e-05
GradientDescent,8192,143,,0.13324791272475922,2.267793442404672,7.296282210815317e-05,0.0729619419029874,0.9999999999998972,3.9950559158074594e-05,3.2172196861613866e-05,1.2063748925121988e-05
GradientDescent,8192,144,,0.13324258931189847,2.2677204810403495,7.296194190298395e-05,0.07296106170417752,0.999999999999897,3.9951191368703156e-05,3.217284385711095e-05,1.2063807334655874e-05
GradientDescent,8192,145,,0.13323726602748964,2.267647520556124,7.296106170417761e-05,0.07296018151172469,0.9999999999998972,3.995182348468498e-05,3.217349088449632e-05,1.2063865742455689e-05
GradientDescent,8192,146,,0.13323194287150786,2.267574560951989,7.296018151172329e-05,0.07295930132562918,0.999999999999897,3.995245579931284e-05,3.2174137944164074e-05,1.2063924146999646e-05
GradientDescent,8192,147,,0.13322661984396733,2.2675016022279397,7.295930132562774e-05,0.07295842114589114,0.999999999999897,3.9953088019294254e-05,3.217478503494161e-05,1.2063982549809268e-05
GradientDescent,8192,148,,0.1332212969448574,2.267428644383968,7.295842114589209e-05,0.07295754097251077,0.9999999999998972,3.995372033127864e-05,3.217543215839804e-05,1.206404095031381e-05
GradientDescent,8192,149,,0.13321597417418163,2.2673556874200678,7.295754097251204e-05,0.07295666080548828,0.9999999999998973,3.995435262860736e-05,3.2176079313948304e-05,1.2064099348132704e-05
GradientDescent,8192,150,,0.13321065153193645,2.2672827313362336,7.295666080549177e-05,0.07295578064482384,0.9999999999998972,3.995498496461342e-05,3.21767265008114e-05,1.206415774402668e-05
GradientDescent,8192,151,,0.13320532901810767,2.267209776132458,7.295578064482407e-05,0.07295490049051769,0.999999999999897,3.9955617419310366e-05,3.217737372016487e-05,1.2064216137234737e-05
GradientDescent,8192,152,,0.13320000663270948,2.267136821808736,7.295490049051755e-05,0.07295402034257,0.9999999999998969,3.995624977934719e-05,3.217802097103183e-05,1.2064274528137177e-05
GradientDescent,8192,153,,0.13319468437573123,2.26706386836506,7.295402034257164e-05,0.07295314020098095,0.9999999999998969,3.995688223141063e-05,3.217866825419818e-05,1.2064332916924094e-05
GradientDescent,8192,154,,0.13318936224716937,2.2669909158014243,7.295314020098005e-05,0.07295226006575074,0.999999999999897,3.995751472216689e-05,3.217931556927461e-05,1.2064391303595365e-05
GradientDescent,8192,155,,0.13318404024702746,2.2669179641178223,7.295226006574849e-05,0.0729513799368796,0.9999999999998972,3.995814719827155e-05,3.217996291626352e-05,1.2064449687389944e-05
GradientDescent,8192,156,,0.13317871837529127,2.2668450133142475,7.295137993687854e-05,0.0729504998143677,0.9999999999998969,3.9958779793096054e-05,3.218061029536324e-05,1.2064508069068608e-05
GradientDescent,8192,157,,0.13317339663197147,2.2667720633906945,7.295049981436776e-05,0.0729496196982152,0.9999999999998973,3.9959412319923065e-05,3.2181257705988475e-05,1.2064566449011706e-05
GradientDescent,8192,158,,0.1331680750170574,2.2666991143471558,7.29496196982118e-05,0.07294873958842238,0.9999999999998975,3.996004493880352e-05,3.218190514912117e-05,1.2064624825506994e-05
GradientDescent,8192,159,,0.13316275353055262,2.266626166183626,7.294873958842224e-05,0.07294785948498937,0.9999999999998972,3.996067754303615e-05,3.2182552623784215e-05,1.2064683200456686e-05
GradientDescent,8192,160,,0.13315743217245002,2.2665532189000976,7.294785948498696e-05,0.07294697938791642,0.9999999999998973,3.996131021265475e-05,3.21832001309596e-05,1.2064741572528992e-05
GradientDescent,8192,161,,0.1331521109427496,2.266480272496566,7.294697938791193e-05,0.07294609929720366,0.999999999999897,3.996194289430637e-05,3.218384766947424e-05,1.2064799942865222e-05
GradientDescent,8192,162,,0.1331467898414478,2.266407326973023,7.294609929720375e-05,0.07294521921285133,0.9999999999998972,3.996257561467222e-05,3.2184495240506084e-05,1.2064858310704284e-05
GradientDescent,8192,163,,0.13314146886854106,2.266334382329463,7.294521921285489e-05,0.0729443391348596,0.9999999999998969,3.99632083737562e-05,3.2185142843469804e-05,1.2064916676046039e-05
GradientDescent,8192,164,,0.13313614802402585,2.26626143856588,7.294433913486045e-05,0.0729434590632287,0.9999999999998972,3.996384117156218e-05,3.218579047797592e-05,1.2064975039080596e-05
GradientDescent,8192,165,,0.13313082730790216,2.266188495682267,7.294345906322833e-05,0.07294257899795879,0.9999999999998974,3.9964473981409215e-05,3.2186438145202526e-05,1.2065033399998081e-05
GradientDescent,8192,166,,0.13312550672016643,2.2661155536786186,7.294257899795613e-05,0.0729416989390501,0.9999999999998974,3.996510682998281e-05,3.2187085843584454e-05,1.2065091758227602e-05
GradientDescent,8192,167,,0.13312018626081867,2.266042612554928,7.29416989390505e-05,0.0729408188865028,0.9999999999998973,3.996573969059989e-05,3.2187733574495794e-05,1.2065150114339786e-05
GradientDescent,8192,168,,0.13311486592985888,2.2659696723111873,7.29408188865012e-05,0.07293993884031709,0.9999999999998967,3.996637256326007e-05,3.2188381337743064e-05,1.2065208468334511e-05
GradientDescent,8192,169,,0.13310954572727285,2.2658967329473927,7.293993884031524e-05,0.07293905880049319,0.9999999999998973,3.9967005554719294e-05,3.2189029132152846e-05,1.2065266819450602e-05
GradientDescent,8192,170,,0.13310422565306768,2.2658237944635364,7.293905880049509e-05,0.07293817876703125,0.9999999999998971,3.996763850485334e-05,3.218967695909937e-05,1.2065325168829494e-05
GradientDescent,8192,171,,0.1330989057072398,2.2657508568596127,7.293817876703168e-05,0.07293729873993149,0.9999999999998973,3.996827149372694e-05,3.2190324817801164e-05,1.2065383515710011e-05
GradientDescent,8192,172,,0.1330935858897857,2.265677920135615,7.293729873992845e-05,0.07293641871919414,0.9999999999998971,3.996890452134398e-05,3.219097270865261e-05,1.2065441859711476e-05
GradientDescent,8192,173,,0.1330882662007018,2.2656049842915365,7.29364187191924e-05,0.07293553870481931,0.9999999999998973,3.9969537587708334e-05,3.2191620631656165e-05,1.206550020254618e-05
GradientDescent,8192,174,,0.1330829466399881,2.2655320493273714,7.293553870481526e-05,0.07293465869680728,0.9999999999998974,3.997017066612947e-05,3.219226858642224e-05,1.2065558541930748e-05
GradientDescent,8192,175,,0.13307762720764105,2.2654591152431136,7.293465869680919e-05,0.0729337786951582,0.9999999999998976,3.997080378330248e-05,3.219291657314925e-05,1.2065616879577492e-05
GradientDescent,8192,176,,0.1330723079036571,2.265386182038756,7.293377869516093e-05,0.0729328986998723,0.9999999999998976,3.997143693923126e-05,3.219356459223166e-05,1.206567521453491e-05
GradientDescent,8192,177,,0.13306698872803624,2.265313249714293,7.293289869987115e-05,0.07293201871094973,0.9999999999998973,3.997207010722206e-05,3.2194212642887826e-05,1.2065733547563978e-05
GradientDescent,8192,178,,0.13306166968077138,2.265240318269717,7.293201871095115e-05,0.07293113872839074,0.9999999999998976,3.9972703340671867e-05,3.2194860726296345e-05,1.2065791877713166e-05
GradientDescent,8192,179,,0.1330563507618625,2.2651673877050227,7.293113872839216e-05,0.0729302587521955,0.9999999999998976,3.997333658618933e-05,3.2195508841283466e-05,1.2065850205933744e-05
GradientDescent,8192,180,,0.13305103197130963,2.265094458020204,7.293025875219574e-05,0.07292937878236416,0.9999999999998974,3.9973969843774075e-05,3.219615698804761e-05,1.20659085322256e-05
GradientDescent,8192,181,,0.1330457133091092,2.2650215292152542,7.292937878236351e-05,0.072928498818897,0.9999999999998976,3.9974603140127584e-05,3.219680516698329e-05,1.2065966855256587e-05
GradientDescent,8192,182,,0.1330403947752541,2.2649486012901665,7.292849881889674e-05,0.07292761886179416,0.9999999999998973,3.997523650195671e-05,3.2197453378289023e-05,1.2066025176548872e-05
GradientDescent,8192,183,,0.13303507636974787,2.2648756742449354,7.292761886179439e-05,0.0729267389110558,0.9999999999998975,3.997586984915753e-05,3.219810162118299e-05,1.2066083496102352e-05
GradientDescent,8192,184,,0.133029758092587,2.264802748079554,7.29267389110612e-05,0.07292585896668224,0.9999999999998975,3.997650323513558e-05,3.219874989645187e-05,1.2066141811633352e-05
GradientDescent,8192,185,,0.13302443994376434,2.264729822794015,7.292585896668391e-05,0.07292497902867356,0.9999999999998974,3.9977136686600894e-05,3.219939820390207e-05,1.2066200126376755e-05
GradientDescent,8192,186,,0.13301912192328347,2.264656898388314,7.292497902867102e-05,0.07292409909703004,0.9999999999998972,3.997777012343996e-05,3.220004654294775e-05,1.2066258437668273e-05
GradientDescent,8192,187,,0.13301380403113727,2.2645839748624432,7.292409909702926e-05,0.07292321917175176,0.9999999999998972,3.997840362577299e-05,3.2200694914375667e-05,1.2066316748171987e-05
GradientDescent,8192,188,,0.13300848626732575,2.2645110522163976,7.292321917175337e-05,0.07292233925283904,0.9999999999998979,3.9979037140189434e-05,3.2201343317403896e-05,1.2066375054652617e-05
GradientDescent,8192,189,,0.1330031686318489,2.264438130450169,7.292233925284014e-05,0.07292145934029202,0.9999999999998974,3.99796706666889e-05,3.220199175321146e-05,1.2066433359583974e-05
GradientDescent,8192,190,,0.1329978511246961,2.2643652095637528,7.292145934029584e-05,0.07292057943411087,0.9999999999998977,3.998030428540549e-05,3.220264022042807e-05,1.2066491662585337e-05
GradientDescent,8192,191,,0.13299253374587083,2.2642922895571416,7.292057943411291e-05,0.07291969953429583,0.9999999999998979,3.9980937889501394e-05,3.220328872003669e-05,1.2066549962514713e-05
GradientDescent,8192,192,,0.1329872164953767,2.2642193704303293,7.291969953429171e-05,0.07291881964084707,0.9999999999998975,3.998157147897193e-05,3.220393725164753e-05,1.2066608260704145e-05
GradientDescent,8192,193,,0.13298189937319238,2.2641464521833097,7.291881964084414e-05,0.07291793975376482,0.9999999999998979,3.998220524081536e-05,3.220458581526303e-05,1.2066666555821302e-05
GradientDescent,8192,194,,0.13297658237933563,2.264073534816077,7.291793975376041e-05,0.07291705987304922,0.9999999999998974,3.998283888118348e-05,3.2205234410689455e-05,1.206672484938858e-05
GradientDescent,8192,195,,0.13297126551379224,2.264000618328623,7.291705987304736e-05,0.07291617999870054,0.9999999999998972,3.998347264050608e-05,3.220588303890995e-05,1.2066783139883303e-05
GradientDescent,8192,196,,0.1329659487765693,2.2639277027209435,7.29161799986985e-05,0.07291530013071887,0.9999999999998974,3.998410635849242e-05,3.220653169855397e-05,1.2066841429208554e-05
GradientDescent,8192,197,,0.13296063216765264,2.263854787993031,7.291530013072484e-05,0.0729144202691045,0.9999999999998975,3.9984740195447424e-05,3.2207180390408494e-05,1.2066899715080327e-05
GradientDescent,8192,198,,0.13295531568704577,2.2637818741448794,7.291442026910622e-05,0.07291354041385757,0.9999999999998979,3.998537401778759e-05,3.220782911447598e-05,1.2066957999211405e-05
GradientDescent,8192,199,,0.13294999933474516,2.2637089611764822,7.291354041385765e-05,0.07291266056497833,0.9999999999998977,3.998600787895048e-05,3.22084778705627e-05,1.2067016280459692e-05
GradientDescent,8192,200,,0.1329446831107508,2.2636360490878333,7.291266056497794e-05,0.07291178072246693,0.9999999999998977,3.998664175221781e-05,3.2209126658671096e-05,1.2067074559967034e-05
GradientDescent,8192,201,,0.13293936701505915,2.263563137878926,7.291178072246456e-05,0.07291090088632356,0.9999999999998977,3.998727566431244e-05,3.2209775478999764e-05,1.2067132837162319e-05
GradientDescent,8192,202,,0.13293405104766665,2.2634902275497537,7.29109008863239e-05,0.07291002105654844,0.9999999999998979,3.998790961523826e-05,3.221042433155116e-05,1.2067191111664735e-05
GradientDescent,8192,203,,0.13292873520856974,2.2634173181003114,7.291002105654826e-05,0.07290914123314178,0.9999999999998977,3.998854360499917e-05,3.221107321554294e-05,1.2067249383664479e-05
GradientDescent,8192,204,,0.13292341949776487,2.2633444095305912,7.290914123314667e-05,0.07290826141610372,0.999999999999898,3.998917763359905e-05,3.221172213235089e-05,1.2067307654113124e-05
GradientDescent,8192,205,,0.1329181039152556,2.263271501840588,7.290826141610228e-05,0.07290738160543453,0.9999999999998979,3.9989811647586766e-05,3.221237108080028e-05,1.2067365921297464e-05
GradientDescent,8192,206,,0.13291278846103483,2.263198595030294,7.290738160543406e-05,0.07290650180113434,0.9999999999998976,3.9990445727143415e-05,3.221302006167835e-05,1.2067424186930456e-05
GradientDescent,8192,207,,0.13290747313510254,2.263125689099704,7.290650180113322e-05,0.07290562200320339,0.9999999999998976,3.999107981881785e-05,3.22136690743989e-05,1.2067482449679553e-05
GradientDescent,8192,208,,0.1329021579374552,2.263052784048812,7.290562200320513e-05,0.07290474221164182,0.9999999999998976,3.999171394934043e-05,3.221431811896435e-05,1.2067540710686711e-05
GradientDescent,8192,209,,0.13289684286808923,2.26297987987761,7.290474221164305e-05,0.07290386242644989,0.9999999999998982,3.999234811871503e-05,3.22149671965545e-05,1.2067598968809697e-05
GradientDescent,8192,210,,0.1328915279270011,2.262906976586093,7.290386242644901e-05,0.07290298264762775,0.999999999999898,3.999298232694556e-05,3.2215616305405746e-05,1.2067657225000139e-05
GradientDescent,8192,211,,0.1328862131141908,2.2628340741742545,7.29029826476302e-05,0.07290210287517562,0.9999999999998979,3.999361654730198e-05,3.221626544650164e-05,1.2067715478496485e-05
GradientDescent,8192,212,,0.13288089842965478,2.2627611726420875,7.290210287517565e-05,0.07290122310909367,0.999999999999898,3.999425080651889e-05,3.2216914620040896e-05,1.2067773730250397e-05
GradientDescent,8192,213,,0.13287558387339304,2.2626882719895867,7.290122310909192e-05,0.07290034334938213,0.999999999999898,3.999488507786414e-05,3.221756382524095e-05,1.206783197892922e-05
GradientDescent,8192,214,,0.13287026944539848,2.2626153722167444,7.29003433493797e-05,0.07289946359604119,0.999999999999898,3.9995519414811616e-05,3.221821306308552e-05,1.2067890225484619e-05
GradientDescent,8192,215,,0.1328649551456711,2.2625424733235553,7.289946359603897e-05,0.07289858384907101,0.9999999999998979,3.999615376389307e-05,3.221886233259575e-05,1.2067948470106841e-05
GradientDescent,8192,216,,0.13285964097421443,2.262469575310013,7.289858384907047e-05,0.0728977041084718,0.999999999999898,3.999678809836885e-05,3.2219511634362844e-05,1.2068006712415031e-05
GradientDescent,8192,217,,0.1328543269310143,2.2623966781761102,7.289770410846898e-05,0.07289682437424376,0.999999999999898,3.999742255193604e-05,3.2220160968389266e-05,1.2068064952028311e-05
GradientDescent,8192,218,,0.1328490130160742,2.262323781921842,7.28968243742448e-05,0.07289594464638711,0.999999999999898,3.999805699090427e-05,3.222081033428488e-05,1.2068123189136906e-05
GradientDescent,8192,219,,0.13284369922939065,2.2622508865472,7.289594464638482e-05,0.07289506492490201,0.9999999999998979,3.999869146875387e-05,3.22214597328373e-05,1.206818142450219e-05
GradientDescent,8192,220,,0.13283838557096717,2.26217799205218,7.289506492489842e-05,0.07289418520978867,0.9999999999998979,3.9999325932001604e-05,3.22221091628712e-05,1.2068239657172154e-05
GradientDescent,8192,221,,0.13283307204078953,2.2621050984367743,7.289418520979032e-05,0.07289330550104729,0.9999999999998979,3.9999960514365975e-05,3.2222758625370474e-05,1.2068297887527418e-05
GradientDescent,8192,222,,0.13282775863886487,2.262032205700977,7.28933055010477e-05,0.07289242579867806,0.9999999999998975,4.0000595055389515e-05,3.222340811994499e-05,1.206835611556785e-05
GradientDescent,8192,223,,0.13282244536518606,2.2619593138447818,7.289242579867893e-05,0.07289154610268117,0.9999999999998979,4.000122966205036e-05,3.222405764679349e-05,1.2068414341483702e-05
GradientDescent,8192,224,,0.13281713221975666,2.261886422868182,7.289154610268261e-05,0.0728906664130568,0.9999999999998976,4.000186425411318e-05,3.2224707205722106e-05,1.2068472565084468e-05
GradientDescent,8192,225,,0.13281181920256602,2.261813532771172,7.289066641305538e-05,0.07288978672980517,0.9999999999998977,4.000249893856894e-05,3.2225356796340605e-05,1.206853078617962e-05
GradientDescent,8192,226,,0.13280650631361768,2.2617406435537446,7.288978672980575e-05,0.07288890705292647,0.9999999999998977,4.000313360843019e-05,3.2226006419829416e-05,1.2068589004959413e-05
GradientDescent,8192,227,,0.13280119355290454,2.261667755215894,7.288890705292711e-05,0.07288802738242091,0.9999999999998975,4.000376834394542e-05,3.222665607501298e-05,1.2068647221233322e-05
GradientDescent,8192,228,,0.1327958809204266,2.261594867757613,7.288802738242224e-05,0.07288714771828864,0.999999999999898,4.000440309161857e-05,3.22273057626791e-05,1.2068705435762799e-05
GradientDescent,8192,229,,0.1327905684161803,2.2615219811788965,7.288714771828931e-05,0.07288626806052992,0.999999999999898,4.000503787820245e-05,3.222795548204482e-05,1.2068763647024532e-05
GradientDescent,8192,230,,0.13278525604016922,2.261449095479737,7.28862680605303e-05,0.07288538840914488,0.9999999999998976,4.000567265019243e-05,3.2228605234094345e-05,1.2068821856922378e-05
GradientDescent,8192,231,,0.13277994379237912,2.261376210660129,7.288538840914163e-05,0.07288450876413374,0.9999999999998986,4.0006307541360525e-05,3.222925501765197e-05,1.2068880064123412e-05
GradientDescent,8192,232,,0.13277463167282066,2.2613033267200655,7.288450876413167e-05,0.07288362912549672,0.9999999999998981,4.0006942364428654e-05,3.222990483409468e-05,1.2068938268817891e-05
GradientDescent,8192,233,,0.13276931968147965,2.2612304436595405,7.288362912549389e-05,0.07288274949323399,0.999999999999898,4.00075773066859e-05,3.2230554682246716e-05,1.2068996471196087e-05
GradientDescent,8192,234,,0.13276400781835962,2.261157561478548,7.288274949323294e-05,0.07288186986734574,0.999999999999898,4.000821223435631e-05,3.2231204562503245e-05,1.2069054671638692e-05
GradientDescent,8192,235,,0.13275869608346058,2.261084680177081,7.288186986734623e-05,0.07288099024783216,0.9999999999998983,4.000884717419482e-05,3.223185447506309e-05,1.206911286957435e-05
GradientDescent,8192,236,,0.13275338447677187,2.261011799755133,7.288099024783395e-05,0.07288011063469349,0.9999999999998983,4.000948220648311e-05,3.223250442012512e-05,1.2069171064812502e-05
GradientDescent,8192,237,,0.1327480729983006,2.2609389202126984,7.28801106346911e-05,0.07287923102792988,0.9999999999998983,4.001011719742488e-05,3.2233154396906184e-05,1.2069229258114675e-05
GradientDescent,8192,238,,0.1327427616480361,2.2608660415497703,7.287923102793094e-05,0.07287835142754152,0.9999999999998983,4.001075228082531e-05,3.223380440599791e-05,1.2069287449290337e-05
GradientDescent,8192,239,,0.13273745042598195,2.2607931637663423,7.287835142753993e-05,0.07287747183352865,0.9999999999998977,4.001138734964128e-05,3.223445444740276e-05,1.2069345637577669e-05
GradientDescent,8192,240,,0.13273213933213457,2.260720286862408,7.287747183353024e-05,0.07287659224589144,0.9999999999998977,4.001202245739807e-05,3.223510452092677e-05,1.2069403823738216e-05
GradientDescent,8192,241,,0.13272682836648686,2.2606474108379615,7.287659224588987e-05,0.07287571266463007,0.9999999999998977,4.0012657630865626e-05,3.223575462657238e-05,1.2069462007771859e-05
GradientDescent,8192,242,,0.13272151752903882,2.2605745356929963,7.287571266462794e-05,0.07287483308974474,0.9999999999998977,4.001329281651791e-05,3.2236404764342006e-05,1.206952018948804e-05
GradientDescent,8192,243,,0.132716206819794,2.2605016614275057,7.287483308974233e-05,0.07287395352123564,0.9999999999998981,4.001392798758637e-05,3.2237054934434554e-05,1.2069578368886632e-05
GradientDescent,8192,244,,0.13271089623873822,2.2604287880414837,7.287395352123611e-05,0.07287307395910302,0.9999999999998984,4.0014563277912594e-05,3.2237705136656025e-05,1.2069636545396196e-05
GradientDescent,8192,245,,0.132705585785875,2.260355915534924,7.287307395909897e-05,0.07287219440334701,0.9999999999998984,4.0015198553661735e-05,3.223835537100886e-05,1.2069694720159197e-05
GradientDescent,8192,246,,0.13270027546120788,2.2602830439078194,7.287219440334659e-05,0.0728713148539678,0.9999999999998987,4.0015833814829135e-05,3.223900563788842e-05,1.2069752892794656e-05
GradientDescent,8192,247,,0.13269496526472624,2.2602101731601647,7.287131485396738e-05,0.07287043531096567,0.9999999999998982,4.001646916849998e-05,3.2239655936511305e-05,1.2069811062159792e-05
GradientDescent,8192,248,,0.13268965519643006,2.2601373032919536,7.28704353109655e-05,0.0728695557743407,0.9999999999998982,4.001710453436615e-05,3.2240306267272864e-05,1.206986923034932e-05
GradientDescent,8192,249,,0.13268434525631578,2.260064434303178,7.28695557743391e-05,0.07286867624409318,0.9999999999998982,4.001773993920187e-05,3.224095663096148e-05,1.206992739526825e-05
GradientDescent,8192,250,,0.13267903544438342,2.259991566193833,7.286867624408985e-05,0.07286779672022325,0.9999999999998981,4.001837535623537e-05,3.2241607026400735e-05,1.2069985558439996e-05
GradientDescent,8192,251,,0.1326737257606294,2.2599186989639124,7.286779672022626e-05,0.07286691720273113,0.9999999999998981,4.0019010812243025e-05,3.2242257453789516e-05,1.207004371910265e-05
GradientDescent,8192,252,,0.1326684162050502,2.2598458326134088,7.28669172027314e-05,0.07286603769161701,0.9999999999998981,4.001964630722874e-05,3.224290791391627e-05,1.2070101877256068e-05
GradientDescent,8192,253,,0.13266310677764226,2.259772967142317,7.286603769161616e-05,0.07286515818688107,0.9999999999998982,4.002028184119643e-05,3.224355840580093e-05,1.207016003347148e-05
GradientDescent,8192,254,,0.1326577974784091,2.2597001025506294,7.286515818688034e-05,0.0728642786885235,0.9999999999998982,4.002091736059007e-05,3.224420893023197e-05,1.20702181871774e-05
GradientDescent,8192,255,,0.1326524883073401,2.2596272388383403,7.286427868852094e-05,0.07286339919654453,0.9999999999998984,4.002155297252916e-05,3.224485948681884e-05,1.2070276338564142e-05
GradientDescent,8192,256,,0.13264717926444236,2.2595543760054437,7.28633991965446e-05,0.07286251971094433,0.9999999999998985,4.002218854311561e-05,3.224551007536743e-05,1.2070334487441118e-05
GradientDescent,8192,257,,0.13264187034970165,2.2594815140519326,7.286251971094543e-05,0.0728616402317231,0.9999999999998989,4.0022824233039585e-05,3.2246160696469785e-05,1.2070392634189114e-05
GradientDescent,8192,258,,0.13263656156312154,2.2594086529778012,7.28616402317201e-05,0.07286076075888104,0.9999999999998982,4.0023459908396576e-05,3.224681134953875e-05,1.2070450778617541e-05
GradientDescent,8192,259,,0.13263125290470557,2.2593357927830424,7.286076075887956e-05,0.07285988129241833,0.9999999999998984,4.0024095569181924e-05,3.22474620351664e-05,1.207050892072627e-05
GradientDescent,8192,260,,0.13262594437443953,2.2592629334676504,7.28598812924208e-05,0.0728590018323352,0.9999999999998985,4.0024731349322955e-05,3.224811275276555e-05,1.207056706013422e-05
GradientDescent,8192,261,,0.1326206359723341,2.259190075031619,7.28590018323338e-05,0.07285812237863178,0.9999999999998982,4.002536706132415e-05,3.224876350253519e-05,1.2070625197984093e-05
GradientDescent,8192,262,,0.13261532769837148,2.259117217474941,7.285812237863111e-05,0.07285724293130831,0.9999999999998982,4.0026002919480615e-05,3.224941428487089e-05,1.2070683332942454e-05
GradientDescent,8192,263,,0.13261001955256235,2.2590443607976107,7.285724293130717e-05,0.07285636349036498,0.9999999999998982,4.002663870949649e-05,3.225006509918542e-05,1.2070741465771063e-05
GradientDescent,8192,264,,0.13260471153489606,2.2589715049996224,7.285636349035969e-05,0.07285548405580199,0.9999999999998984,4.002727459210267e-05,3.225071594548119e-05,1.207079959608883e-05
GradientDescent,8192,265,,0.13259940364537615,2.2588986500809676,7.285548405580471e-05,0.07285460462761952,0.9999999999998982,4.00279104601446e-05,3.2251366824940154e-05,1.2070857724276588e-05
GradientDescent,8192,266,,0.13259409588399196,2.2588257960416422,7.28546046276228e-05,0.07285372520581776,0.9999999999998983,4.002854642078894e-05,3.2252017735598935e-05,1.2070915850143724e-05
GradientDescent,8192,267,,0.1325887882507506,2.2587529428816393,7.285372520581782e-05,0.07285284579039694,0.9999999999998983,4.002918234007868e-05,3.2252668678836046e-05,1.207097397330913e-05
GradientDescent,8192,268,,0.13258348074564852,2.2586800906009517,7.285284579039707e-05,0.07285196638135723,0.9999999999998985,4.002981829838977e-05,3.2253319654653995e-05,1.2071032094534623e-05
GradientDescent,8192,269,,0.13257817336867506,2.2586072391995726,7.285196638136127e-05,0.0728510869786988,0.9999999999998982,4.003045434931824e-05,3.2253970662858655e-05,1.2071090213629591e-05
GradientDescent,8192,270,,0.13257286611983377,2.2585343886774973,7.28510869786987e-05,0.07285020758242187,0.9999999999998985,4.0031090385688094e-05,3.2254621702666006e-05,1.207114833002243e-05
GradientDescent,8192,271,,0.1325675589991211,2.2584615390347182,7.285020758241989e-05,0.07284932819252665,0.9999999999998985,4.0031726461091054e-05,3.225527277525819e-05,1.2071206444093986e-05
GradientDescent,8192,272,,0.1325622520065335,2.25838869027123,7.284932819252679e-05,0.07284844880901332,0.9999999999998985,4.003236257553104e-05,3.2255923879654544e-05,1.2071264555844124e-05
GradientDescent,8192,273,,0.1325569451420674,2.2583158423870255,7.28484488090117e-05,0.07284756943188207,0.9999999999998985,4.003299872901197e-05,3.225657501664404e-05,1.2071322665463215e-05
GradientDescent,8192,274,,0.13255163840572637,2.258242995382098,7.28475694318819e-05,0.07284669006113309,0.9999999999998983,4.003363486793494e-05,3.2257226186032516e-05,1.2071380772760634e-05
GradientDescent,8192,275,,0.1325463317975033,2.258170149256442,7.28466900611331e-05,0.07284581069676657,0.9999999999998986,4.0034271072702726e-05,3.2257877387429135e-05,1.2071438877736248e-05
GradientDescent,8192,276,,0.1325410253173982,2.2580973040100516,7.284581069676517e-05,0.07284493133878274,0.9999999999998985,4.0034907289716436e-05,3.2258528620836315e-05,1.207149698000891e-05
GradientDescent,8192,277,,0.13253571896540395,2.2580244596429186,7.284493133878537e-05,0.07284405198718177,0.9999999999998983,4.003554357258495e-05,3.225917988723981e-05,1.2071555080150001e-05
GradientDescent,8192,278,,0.1325304127415241,2.2579516161550384,7.28440519871817e-05,0.07284317264196383,0.9999999999998989,4.003617984089937e-05,3.225983118526547e-05,1.2071613178540429e-05
GradientDescent,8192,279,,0.13252510664574446,2.257878773546403,7.284317264196163e-05,0.07284229330312915,0.9999999999998989,4.0036816228688914e-05,3.2260482516095716e-05,1.2071671273846474e-05
GradientDescent,8192,280,,0.13251980067808278,2.257805931817008,7.284229330312469e-05,0.07284141397067792,0.9999999999998989,4.003745249469972e-05,3.2261133878749654e-05,1.2071729367020563e-05
GradientDescent,8192,281,,0.13251449483851774,2.257733090966845,7.284141397068037e-05,0.07284053464461034,0.9999999999998986,4.003808893380813e-05,3.2261785274016455e-05,1.2071787457872052e-05
GradientDescent,8192,282,,0.1325091891270529,2.2576602509959094,7.284053464461107e-05,0.07283965532492656,0.9999999999998986,4.003872535836953e-05,3.226243670130851e-05,1.2071845546781853e-05
GradientDescent,8192,283,,0.1325038835436918,2.257587411904193,7.283965532492688e-05,0.07283877601162683,0.9999999999998986,4.003936176837926e-05,3.226308816141505e-05,1.2071903632797229e-05
GradientDescent,8192,284,,0.1324985780884238,2.2575145736916915,7.283877601162823e-05,0.07283789670471132,0.9999999999998985,4.003999827108124e-05,3.226373965296165e-05,1.2071961716870659e-05
GradientDescent,8192,285,,0.1324932727612489,2.257441736358397,7.28378967047147e-05,0.07283701740418022,0.9999999999998985,4.004063478604831e-05,3.226439117752436e-05,1.2072019798430438e-05
GradientDescent,8192,286,,0.13248796756216707,2.257368899904304,7.283701740418055e-05,0.07283613811003373,0.9999999999998986,4.00412713132801e-05,3.226504273392542e-05,1.207207787785749e-05
GradientDescent,8192,287,,0.1324826624911748,2.2572960643294055,7.283613811003303e-05,0.07283525882227204,0.999999999999899,4.004190787959161e-05,3.226569432295412e-05,1.2072135954770625e-05
GradientDescent,8192,288,,0.1324773575482685,2.2572232296336954,7.283525882227278e-05,0.07283437954089535,0.9999999999998991,4.004254448498676e-05,3.22663459442195e-05,1.2072194029550777e-05
GradientDescent,8192,289,,0.13247205273344465,2.2571503958171673,7.283437954089928e-05,0.07283350026590386,0.9999999999998986,4.004318112946947e-05,3.2266997597724005e-05,1.2072252101626202e-05
GradientDescent,8192,290,,0.13246674804670677,2.2570775628798145,7.283350026590273e-05,0.07283262099729776,0.9999999999998987,4.004381775940649e-05,3.226764928366683e-05,1.2072310171758919e-05
GradientDescent,8192,291,,0.13246144348804423,2.2570047308216314,7.283262099729766e-05,0.07283174173507723,0.9999999999998984,4.00444544820718e-05,3.2268301001656946e-05,1.2072368239567725e-05
GradientDescent,8192,292,,0.132456139057457,2.2569318996426113,7.283174173507392e-05,0.07283086247924248,0.9999999999998986,4.0045091217015705e-05,3.2268952752090286e-05,1.2072426304861944e-05
GradientDescent,8192,293,,0.13245083475494868,2.256859069342747,7.283086247924508e-05,0.07282998322979368,0.9999999999998987,4.004572793741602e-05,3.22696045351661e-05,1.2072484368022532e-05
GradientDescent,8192,294,,0.13244553058050856,2.256786239922034,7.282998322979618e-05,0.07282910398673106,0.9999999999998986,4.0046364750559626e-05,3.2270256349706254e-05,1.2072542428668265e-05
GradientDescent,8192,295,,0.13244022653413667,2.2567134113804643,7.282910398673372e-05,0.07282822475005482,0.9999999999998984,4.0047001575987155e-05,3.22709081974841e-05,1.2072600486799002e-05
GradientDescent,8192,296,,0.132434922615833,2.2566405837180317,7.282822475005246e-05,0.0728273455197651,0.9999999999998987,4.004763841369823e-05,3.2271560077321506e-05,1.2072658543367377e-05
GradientDescent,8192,297,,0.132429618825594,2.2565677569347304,7.282734551976554e-05,0.07282646629586213,0.9999999999998987,4.00482752905186e-05,3.2272211989220894e-05,1.2072716596848836e-05
GradientDescent,8192,298,,0.13242431516341613,2.256494931030554,7.28264662958626e-05,0.07282558707834612,0.9999999999998986,4.004891220645219e-05,3.227286393357829e-05,1.2072774648196011e-05
GradientDescent,8192,299,,0.13241901162929937,2.256422106005495,7.282558707834805e-05,0.07282470786721722,0.999999999999899,4.004954913467465e-05,3.227351591059297e-05,1.2072832697599339e-05
GradientDescent,8192,300,,0.13241370822323661,2.2563492818595487,7.282470786721689e-05,0.07282382866247565,0.999999999999899,4.0050186128844296e-05,3.227416791948019e-05,1.207289074429645e-05
GradientDescent,8192,301,,0.13240840494522432,2.256276458592708,7.282382866247352e-05,0.07282294946412163,0.9999999999998991,4.005082316213894e-05,3.227481996083281e-05,1.2072948788477762e-05
GradientDescent,8192,302,,0.13240310179527315,2.256203636204967,7.282294946411946e-05,0.0728220702721553,0.9999999999998991,4.005146012723657e-05,3.227547203425965e-05,1.2073006830905409e-05
GradientDescent,8192,303,,0.13239779877336177,2.2561308146963177,7.282207027215664e-05,0.0728211910865769,0.9999999999998986,4.005209726561695e-05,3.227612414094413e-05,1.2073064870435859e-05
GradientDescent,8192,304,,0.1323924958795044,2.256057994066755,7.282119108657385e-05,0.0728203119073866,0.9999999999998986,4.005273430896917e-05,3.2276776279314125e-05,1.2073122908212394e-05
GradientDescent,8192,305,,0.1323871931136904,2.255985174316273,7.282031190738929e-05,0.07281943273458459,0.9999999999998987,4.005337144511861e-05,3.22774284497657e-05,1.2073180943282031e-05
GradientDescent,8192,306,,0.1323818904759162,2.255912355444864,7.281943273458651e-05,0.07281855356817106,0.9999999999998991,4.005400862040625e-05,3.227808065308868e-05,1.2073238976406932e-05
GradientDescent,8192,307,,0.1323765879661818,2.255839537452523,7.281855356816988e-05,0.07281767440814625,0.9999999999998992,4.005464580799914e-05,3.227873288849817e-05,1.2073297006443502e-05
GradientDescent,8192,308,,0.13237128558448363,2.2557667203392424,7.281767440814432e-05,0.0728167952545103,0.9999999999998995,4.005528303473485e-05,3.227938515639032e-05,1.2073355034916233e-05
GradientDescent,8192,309,,0.13236598333082172,2.255693904105017,7.281679525450915e-05,0.07281591610726344,0.9999999999998992,4.005592027377831e-05,3.228003745637388e-05,1.2073413060681523e-05
GradientDescent,8192,310,,0.13236068120518896,2.255621088749839,7.281591610726153e-05,0.07281503696640584,0.9999999999998991,4.005655757880931e-05,3.2280689789238765e-05,1.2073471084310979e-05
GradientDescent,8192,311,,0.13235537920758889,2.2555482742737034,7.281503696640388e-05,0.07281415783193772,0.9999999999998992,4.0057194869312614e-05,3.2281342154003106e-05,1.2073529105423303e-05
GradientDescent,8192,312,,0.1323500773380144,2.2554754606766036,7.281415783193757e-05,0.07281327870385923,0.9999999999998994,4.005783222581024e-05,3.228199455106308e-05,1.2073587124590127e-05
GradientDescent,8192,313,,0.1323447755964655,2.255402647958532,7.281327870385909e-05,0.07281239958217062,0.9999999999998991,4.005846959462381e-05,3.228264698120871e-05,1.207364514085837e-05
GradientDescent,8192,314,,0.1323394739829351,2.2553298361194836,7.281239958217031e-05,0.07281152046687205,0.9999999999998992,4.005910702944171e-05,3.228329944286737e-05,1.2073703155180852e-05
GradientDescent,8192,315,,0.13233417249742674,2.255257025159451,7.281152046686675e-05,0.07281064135796368,0.9999999999998989,4.0059744449735815e-05,3.228395193761664e-05,1.207376116755746e-05
GradientDescent,8192,316,,0.13232887113993685,2.2551842150784296,7.281064135796278e-05,0.0728097622554458,0.9999999999998991,4.006038190919451e-05,3.228460446368688e-05,1.2073819176463273e-05
GradientDescent,8192,317,,0.1323235699104619,2.2551114058764106,7.2809762255445e-05,0.07280888315931851,0.9999999999998992,4.006101940782173e-05,3.2285257023443436e-05,1.2073877184375949e-05
GradientDescent,8192,318,,0.13231826880899833,2.255038597553389,7.28088831593182e-05,0.07280800406958204,0.9999999999998992,4.006165694562142e-05,3.228590961491969e-05,1.2073935189198755e-05
GradientDescent,8192,319,,0.13231296783554614,2.2549657901093587,7.280800406958123e-05,0.07280712498623661,0.9999999999998991,4.006229449574773e-05,3.228656223851189e-05,1.2073993191693957e-05
GradientDescent,8192,320,,0.13230766699009822,2.2548929835443126,7.280712498623735e-05,0.07280624590928238,0.9999999999998989,4.006293211190198e-05,3.2287214895010204e-05,1.2074051192052033e-05
GradientDescent,8192,321,,0.13230236627265102,2.254820177858244,7.280624590928205e-05,0.07280536683871953,0.9999999999998991,4.0063569767240494e-05,3.228786758382635e-05,1.207410919027286e-05
GradientDescent,8192,322,,0.1322970656832152,2.254747373051148,7.28053668387184e-05,0.07280448777454832,0.9999999999998991,4.006420735435525e-05,3.2288520304765825e-05,1.2074167185593855e-05
GradientDescent,8192,323,,0.132291765221773,2.2546745691230172,7.280448777454922e-05,0.07280360871676886,0.9999999999998992,4.0064845088065486e-05,3.228917305802801e-05,1.2074225179349181e-05
GradientDescent,8192,324,,0.13228646488832796,2.254601766073845,7.280360871677006e-05,0.07280272966538143,0.9999999999998989,4.0065482807261507e-05,3.228982584420627e-05,1.2074283169823164e-05
GradientDescent,8192,325,,0.13228116468288365,2.2545289639036246,7.280272966538073e-05,0.07280185062038613,0.9999999999998987,4.006612051193864e-05,3.2290478662712213e-05,1.207434115911247e-05
GradientDescent,8192,326,,0.1322758646054294,2.254456162612352,7.280185062038805e-05,0.07280097158178321,0.9999999999998991,4.006675830952139e-05,3.22911315127604e-05,1.2074399145501405e-05
GradientDescent,8192,327,,0.1322705646559581,2.2543833622000182,7.280097158178103e-05,0.07280009254957286,0.9999999999998992,4.006739617316392e-05,3.229178439612602e-05,1.2074457129561685e-05
GradientDescent,8192,328,,0.13226526483448398,2.254310562666618,7.280009254957149e-05,0.07279921352375526,0.9999999999998993,4.006803394171782e-05,3.2292437311629734e-05,1.2074515111293182e-05
GradientDescent,8192,329,,0.13225996514098926,2.254237764012145,7.279921352375215e-05,0.07279833450433064,0.9999999999998993,4.006867185691018e-05,3.229309025947097e-05,1.207457309050513e-05
GradientDescent,8192,330,,0.1322546655754775,2.254164966236593,7.279833450433325e-05,0.07279745549129918,0.9999999999998992,4.006930975759257e-05,3.229374323965218e-05,1.2074631067388025e-05
GradientDescent,8192,331,,0.13224936613794158,2.2540921693399545,7.279745549129986e-05,0.07279657648466102,0.9999999999998993,4.0069947724348345e-05,3.229439625256984e-05,1.2074689042704275e-05
GradientDescent,8192,332,,0.13224406682839218,2.2540193733222247,7.279657648465754e-05,0.07279569748441643,0.9999999999998993,4.0070585622867014e-05,3.229504929743841e-05,1.2074747014738043e-05
GradientDescent,8192,333,,0.13223876764681153,2.2539465781833963,7.279569748441552e-05,0.07279481849056554,0.9999999999998992,4.0071223668053876e-05,3.229570237504837e-05,1.2074804985204915e-05
GradientDescent,8192,334,,0.13223346859320317,2.253873783923463,7.27948184905668e-05,0.07279393950310858,0.9999999999998993,4.007186169873469e-05,3.229635548500818e-05,1.207486295296094e-05
GradientDescent,8192,335,,0.13222816966757067,2.2538009905424183,7.279393950311001e-05,0.07279306052204573,0.9999999999998996,4.007249971490478e-05,3.229700862751733e-05,1.2074920918577904e-05
GradientDescent,8192,336,,0.1322228708698998,2.253728198040256,7.279306052204634e-05,0.07279218154737721,0.9999999999998999,4.007313785089976e-05,3.229766180238128e-05,1.207497888148374e-05
GradientDescent,8192,337,,0.1322175722001977,2.2536554064169696,7.27921815473791e-05,0.0727913025791032,0.9999999999998989,4.007377594552169e-05,3.229831500960247e-05,1.2075036842250246e-05
GradientDescent,8192,338,,0.13221227365845722,2.2535826156725536,7.279130257910426e-05,0.07279042361722386,0.9999999999998992,4.007441410624242e-05,3.229896824898633e-05,1.2075094801067953e-05
GradientDescent,8192,339,,0.13220697524467484,2.2535098258070003,7.279042361722588e-05,0.07278954466173942,0.9999999999998992,4.007505230619892e-05,3.2299621521323506e-05,1.207515275717413e-05
GradientDescent,8192,340,,0.1322016769588541,2.2534370368203036,7.278954466174317e-05,0.07278866571265007,0.9999999999998992,4.007569049165041e-05,3.230027482602535e-05,1.2075210711140597e-05
GradientDescent,8192,341,,0.13219637880098434,2.253364248712458,7.278866571265232e-05,0.07278778676995598,0.9999999999998992,4.007632877008596e-05,3.230092816270019e-05,1.2075268662776573e-05
GradientDescent,8192,342,,0.1321910807710691,2.2532914614834563,7.278778676995342e-05,0.07278690783365738,0.999999999999899,4.007696703402007e-05,3.230158153233581e-05,1.2075326611891262e-05
GradientDescent,8192,343,,0.13218578286910487,2.2532186751332923,7.278690783366209e-05,0.07278602890375444,0.9999999999998992,4.007760533719925e-05,3.230223493414642e-05,1.2075384558865853e-05
GradientDescent,8192,344,,0.13218048509508806,2.2531458896619605,7.278602890375416e-05,0.07278514998024735,0.9999999999998992,4.0078243679627446e-05,3.230288836813446e-05,1.2075442503509555e-05
GradientDescent,8192,345,,0.13217518744901513,2.2530731050694524,7.278514998024662e-05,0.07278427106313631,0.9999999999998993,4.00788820613086e-05,3.230354183548493e-05,1.2075500445822237e-05
GradientDescent,8192,346,,0.13216988993088963,2.253000321355764,7.2784271063136e-05,0.07278339215242154,0.9999999999998993,4.007952042848901e-05,3.230419533422941e-05,1.2075558385613098e-05
GradientDescent,8192,347,,0.1321645925407009,2.252927538520887,7.278339215241849e-05,0.07278251324810317,0.9999999999998994,4.008015888868359e-05,3.230484886614421e-05,1.2075616323644684e-05
GradientDescent,8192,348,,0.13215929527844894,2.2528547565648163,7.278251324810428e-05,0.07278163435018146,0.9999999999998993,4.008079736126199e-05,3.230550243024631e-05,1.207567425858217e-05
GradientDescent,8192,349,,0.1321539981441373,2.2527819754875447,7.278163435018221e-05,0.07278075545865659,0.9999999999998993,4.0081435819341774e-05,3.23061560269324e-05,1.2075732191569448e-05
GradientDescent,8192,350,,0.13214870113775534,2.2527091952890665,7.278075545865939e-05,0.0727798765735287,0.9999999999998991,4.008207437045081e-05,3.230680965581071e-05,1.2075790122606406e-05
GradientDescent,8192,351,,0.1321434042592995,2.2526364159693752,7.27798765735265e-05,0.07277899769479805,0.9999999999998996,4.0082712960833234e-05,3.230746331727795e-05,1.2075848050739522e-05
GradientDescent,8192,352,,0.13213810750877686,2.2525636375284637,7.277899769479805e-05,0.07277811882246481,0.9999999999998996,4.008335150983713e-05,3.230811701153375e-05,1.2075905976731368e-05
GradientDescent,8192,353,,0.13213281088618034,2.2524908599663265,7.277811882246494e-05,0.07277723995652918,0.9999999999998993,4.0083990124998967e-05,3.2308770737792026e-05,1.2075963900200455e-05
GradientDescent,8192,354,,0.13212751439150283,2.2524180832829566,7.277723995652787e-05,0.0727763610969913,0.9999999999998993,4.008462880632702e-05,3.230942449684382e-05,1.207602182229077e-05
GradientDescent,8192,355,,0.13212221802474433,2.2523453074783477,7.277636109699572e-05,0.07277548224385144,0.9999999999998997,4.008526750005249e-05,3.231007828829732e-05,1.2076079740904627e-05
GradientDescent,8192,356,,0.13211692178591194,2.252272532552494,7.277548224385311e-05,0.07277460339710976,0.9999999999998994,4.0085906152395815e-05,3.231073211195782e-05,1.2076137657758078e-05
GradientDescent,8192,357,,0.13211162567499146,2.252199758505389,7.27746033971095e-05,0.07277372455676645,0.9999999999998991,4.0086544924692076e-05,3.231138596841928e-05,1.2076195572088236e-05
GradientDescent,8192,358,,0.13210632969197933,2.252126985337026,7.277372455676298e-05,0.0727728457228217,0.9999999999998996,4.0087183736282886e-05,3.2312039857092695e-05,1.2076253484467055e-05
GradientDescent,8192,359,,0.1321010338368862,2.2520542130473977,7.277284572282147e-05,0.07277196689527572,0.9999999999998994,4.008782247960086e-05,3.231269377876923e-05,1.2076311393940919e-05
GradientDescent,8192,360,,0.13209573810969433,2.251981441636499,7.277196689527248e-05,0.07277108807412869,0.9999999999998993,4.008846136978399e-05,3.231334773246546e-05,1.2076369301653883e-05
GradientDescent,8192,361,,0.1320904425104108,2.251908671104324,7.277108807412792e-05,0.07277020925938081,0.9999999999998997,4.008910021858855e-05,3.231400171857822e-05,1.2076427206652321e-05
GradientDescent,8192,362,,0.13208514703903207,2.251835901450865,7.277020925937871e-05,0.07276933045103227,0.9999999999999,4.008973910669375e-05,3.231465573750437e-05,1.2076485109508202e-05
GradientDescent,8192,363,,0.13207985169555458,2.251763132676116,7.276933045103272e-05,0.07276845164908329,0.9999999999998994,4.0090378034103543e-05,3.231530978885201e-05,1.2076543009839983e-05
GradientDescent,8192,364,,0.1320745564799748,2.2516903647800706,7.276845164908574e-05,0.072767572853534,0.9999999999998994,4.009101700082188e-05,3.231596387262361e-05,1.2076600908410371e-05
GradientDescent,8192,365,,0.1320692613922856,2.2516175977627224,7.276757285353469e-05,0.07276669406438466,0.9999999999998993,4.0091656033752014e-05,3.231661798901885e-05,1.2076658803884266e-05
GradientDescent,8192,366,,0.13206396643249763,2.2515448316240656,7.276669406438387e-05,0.0727658152816354,0.9999999999998994,4.009229499840029e-05,3.2317272137645774e-05,1.2076716697977942e-05
GradientDescent,8192,367,,0.13205867160059315,2.251472066364093,7.276581528163322e-05,0.07276493650528647,0.9999999999998994,4.0092934109965094e-05,3.231792631909853e-05,1.2076774588784128e-05
GradientDescent,8192,368,,0.13205337689657926,2.251399301982799,7.276493650528944e-05,0.07276405773533805,0.9999999999998999,4.0093573180149865e-05,3.23185805327879e-05,1.2076832477637693e-05
GradientDescent,8192,369,,0.13204808232045595,2.251326538480176,7.276405773533811e-05,0.0727631789717903,0.9999999999998997,4.009421226275284e-05,3.2319234779308096e-05,1.2076890364538524e-05
GradientDescent,8192,370,,0.13204278787221257,2.2512537758562194,7.276317897178765e-05,0.07276230021464343,0.9999999999998997,4.009485143848775e-05,3.231988905787259e-05,1.2076948248914327e-05
GradientDescent,8192,371,,0.13203749355184913,2.2511810141109216,7.276230021464403e-05,0.07276142146389768,0.9999999999998999,4.009549062664985e-05,3.232054336927286e-05,1.207700613038351e-05
GradientDescent,8192,372,,0.13203219935936206,2.2511082532442757,7.276142146389909e-05,0.07276054271955318,0.9999999999998997,4.009612985414563e-05,3.232119771351142e-05,1.2077064010281021e-05
GradientDescent,8192,373,,0.13202690529475491,2.251035493256277,7.276054271955682e-05,0.07275966398161014,0.9999999999998999,4.009676906716318e-05,3.232185208940715e-05,1.2077121887653104e-05
GradientDescent,8192,374,,0.1320216113580206,2.2509627341469183,7.275966398161055e-05,0.07275878525006878,0.9999999999998999,4.0097408346424856e-05,3.2322506498343375e-05,1.2077179762499618e-05
GradientDescent,8192,375,,0.13201631754915555,2.250889975916192,7.275878525006881e-05,0.07275790652492926,0.9999999999998999,4.009804766502883e-05,3.232316094012537e-05,1.2077237635201892e-05
GradientDescent,8192,376,,0.13201102386815977,2.2508172185640936,7.275790652492785e-05,0.0727570278061918,0.9999999999998999,4.0098686996067904e-05,3.232381541396646e-05,1.2077295505569069e-05
GradientDescent,8192,377,,0.13200573031503327,2.2507444620906156,7.275702780619148e-05,0.07275614909385658,0.9999999999999002,4.0099326339541704e-05,3.232446992046098e-05,1.2077353373410272e-05
GradientDescent,8192,378,,0.13200043688976892,2.2506717064957518,7.27561490938563e-05,0.07275527038792379,0.9999999999998997,4.009996574927652e-05,3.232512445961141e-05,1.2077411239297593e-05
GradientDescent,8192,379,,0.1319951435923632,2.250598951779496,7.275527038792222e-05,0.07275439168839361,0.9999999999998997,4.0100605198366226e-05,3.232577903102564e-05,1.2077469102849425e-05
GradientDescent,8192,380,,0.13198985042281608,2.2505261979418423,7.275439168839355e-05,0.07275351299526628,0.9999999999999004,4.010124465989929e-05,3.232643363510074e-05,1.207752696349339e-05
GradientDescent,8192,381,,0.13198455738113113,2.250453444982783,7.27535129952637e-05,0.07275263430854194,0.9999999999999001,4.010188410695878e-05,3.232708827203654e-05,1.2077584822564585e-05
GradientDescent,8192,382,,0.13197926446729058,2.2503806929023127,7.275263430853969e-05,0.07275175562822081,0.9999999999998999,4.010252370104589e-05,3.2327742941046225e-05,1.2077642678918394e-05
GradientDescent,8192,383,,0.13197397168130864,2.250307941700425,7.27517556282179e-05,0.07275087695430309,0.9999999999999001,4.010316319991333e-05,3.232839764272424e-05,1.207770053293618e-05
GradientDescent,8192,384,,0.13196867902317466,2.2502351913771137,7.27508769543057e-05,0.07274999828678895,0.9999999999998997,4.010380279198209e-05,3.232905237687573e-05,1.2077758384808565e-05
GradientDescent,8192,385,,0.13196338649288153,2.250162441932371,7.27499982867884e-05,0.07274911962567862,0.9999999999998995,4.0104442450343894e-05,3.2329707144095235e-05,1.2077816233963152e-05
GradientDescent,8192,386,,0.13195809409043635,2.2500896933661925,7.274911962568256e-05,0.07274824097097221,0.9999999999999001,4.0105082067319144e-05,3.2330361943201136e-05,1.2077874081925881e-05
GradientDescent,8192,387,,0.13195280181583202,2.25001694567857,7.274824097097182e-05,0.07274736232267003,0.9999999999999002,4.0105721750591025e-05,3.2331016775380035e-05,1.2077931926025976e-05
GradientDescent,8192,388,,0.13194750966906854,2.2499441988694984,7.274736232266902e-05,0.07274648368077218,0.9999999999999003,4.010636144631957e-05,3.233167163984498e-05,1.2077989768933967e-05
GradientDescent,8192,389,,0.13194221765013525,2.2498714529389705,7.274648368076754e-05,0.07274560504527891,0.9999999999999002,4.010700123528003e-05,3.2332326536993186e-05,1.2078047608742083e-05
GradientDescent,8192,390,,0.1319369257590428,2.2497987078869803,7.274560504527972e-05,0.07274472641619038,0.9999999999998996,4.010764095592729e-05,3.2332981466629765e-05,1.2078105446785559e-05
GradientDescent,8192,391,,0.131931633995777,2.249725963713522,7.274472641618714e-05,0.0727438477935068,0.9999999999999,4.010828079673959e-05,3.23336364285598e-05,1.2078163282301192e-05
GradientDescent,8192,392,,0.1319263423603485,2.2496532204185877,7.27438477935055e-05,0.07274296917722832,0.9999999999999,4.010892056923474e-05,3.233429142377272e-05,1.2078221116051945e-05
GradientDescent,8192,393,,0.13192105085273598,2.2495804780021724,7.274296917722672e-05,0.07274209056735523,0.9999999999999002,4.0109560515765135e-05,3.233494645088928e-05,1.2078278946129931e-05
GradientDescent,8192,394,,0.13191575947295364,2.249507736464269,7.274209056735765e-05,0.0727412119638876,0.9999999999999002,4.011020036705029e-05,3.233560151089893e-05,1.2078336775587444e-05
GradientDescent,8192,395,,0.1319104682209873,2.2494349958048714,7.274121196388901e-05,0.07274033336682574,0.9999999999999002,4.0110840338526047e-05,3.233625660340936e-05,1.207839460099034e-05
GradientDescent,8192,396,,0.13190517709684402,2.249362256023973,7.274033336682473e-05,0.07273945477616976,0.9999999999999,4.011148026861274e-05,3.233691172842305e-05,1.2078452425390971e-05
GradientDescent,8192,397,,0.13189988610051673,2.249289517121568,7.273945477616965e-05,0.0727385761919199,0.9999999999998999,4.011212026503674e-05,3.2337566886139897e-05,1.207851024688139e-05
GradientDescent,8192,398,,0.13189459523200187,2.2492167790976487,7.273857619192023e-05,0.07273769761407631,0.9999999999999002,4.011276030087141e-05,3.23382220765624e-05,1.2078568066415388e-05
GradientDescent,8192,399,,0.13188930449130298,2.2491440419522104,7.273769761407803e-05,0.0727368190426392,0.9999999999999,4.0113400322248705e-05,3.2338877299100744e-05,1.2078625883420476e-05
GradientDescent,8192,400,,0.13188401387840942,2.249071305685245,7.273681904263852e-05,0.07273594047760881,0.9999999999999002,4.0114040436912285e-05,3.2339532554942036e-05,1.2078683697705715e-05
GradientDescent,8192,401,,0.13187872339332474,2.2489985702967474,7.273594047760881e-05,0.07273506191898525,0.9999999999999,4.011468053712209e-05,3.234018784270667e-05,1.2078741510606535e-05
GradientDescent,8192,402,,0.13187343303604182,2.2489258357867112,7.273506191898323e-05,0.07273418336676879,0.9999999999999002,4.011532070369118e-05,3.2340843163186906e-05,1.2078799320214857e-05
GradientDescent,8192,403,,0.13186814280656423,2.248853102155129,7.273418336676733e-05,0.07273330482095956,0.9999999999999002,4.0115960855806864e-05,3.234149851678016e-05,1.2078857128247715e-05
GradientDescent,8192,404,,0.1318628527048813,2.248780369401995,7.2733304820963e-05,0.07273242628155781,0.9999999999998996,4.011660110123009e-05,3.234215390230415e-05,1.2078914933369388e-05
GradientDescent,8192,405,,0.13185756273099658,2.2487076375273034,7.273242628155997e-05,0.07273154774856369,0.9999999999998996,4.011724133220351e-05,3.2342809320748686e-05,1.2078972736533748e-05
GradientDescent,8192,406,,0.13185227288491008,2.2486349065310467,7.273154774856033e-05,0.07273066922197739,0.9999999999999002,4.011788157566601e-05,3.23434647719188e-05,1.207903053754987e-05
GradientDescent,8192,407,,0.13184698316661114,2.248562176413219,7.273066922197839e-05,0.07272979070179915,0.9999999999999002,4.01185219124512e-05,3.234412025561951e-05,1.207908833565439e-05
GradientDescent,8192,408,,0.1318416935761033,2.2484894471738137,7.272979070179766e-05,0.07272891218802911,0.9999999999999002,4.0119162234788754e-05,3.234477577185328e-05,1.2079146131992024e-05
GradientDescent,8192,409,,0.1318364041133795,2.2484167188128246,7.272891218802958e-05,0.07272803368066749,0.9999999999999006,4.011980262351443e-05,3.234543132082011e-05,1.2079203925799408e-05
GradientDescent,8192,410,,0.13183111477844323,2.248343991330246,7.272803368066745e-05,0.07272715517971448,0.9999999999999004,4.012044299779283e-05,3.234608690192996e-05,1.2079261717267218e-05
GradientDescent,8192,411,,0.1318258255712874,2.2482712647260708,7.272715517971287e-05,0.07272627668517029,0.9999999999999004,4.012108343846621e-05,3.234674251617285e-05,1.2079319506204502e-05
GradientDescent,8192,412,,0.13182053649191205,2.2481985390002923,7.272627668517268e-05,0.07272539819703507,0.9999999999999,4.0121723891642746e-05,3.2347398162958754e-05,1.2079377293374407e-05
GradientDescent,8192,413,,0.1318152475403136,2.2481258141529046,7.272539819703323e-05,0.07272451971530905,0.9999999999999,4.0122364384273216e-05,3.234805384229017e-05,1.207943507763188e-05
GradientDescent,8192,414,,0.13180995871648848,2.2480530901839004,7.27245197153091e-05,0.07272364123999239,0.9999999999999004,4.0123004916361584e-05,3.234870955456463e-05,1.2079492860121722e-05
GradientDescent,8192,415,,0.13180467002043672,2.2479803670932745,7.272364123999142e-05,0.07272276277108532,0.9999999999999003,4.012364546095852e-05,3.234936529899451e-05,1.2079550639889685e-05
GradientDescent,8192,416,,0.13179938145215475,2.2479076448810202,7.272276277108704e-05,0.07272188430858802,0.9999999999999001,4.012428604501806e-05,3.235002107617488e-05,1.2079608417317279e-05
GradientDescent,8192,417,,0.13179409301163547,2.247834923547131,7.272188430858911e-05,0.07272100585250064,0.9999999999999004,4.0124926695499624e-05,3.235067688610823e-05,1.2079666192976873e-05
GradientDescent,8192,418,,0.131788804698886,2.2477622030916007,7.272100585249961e-05,0.07272012740282345,0.9999999999999003,4.012556730458533e-05,3.235133272840197e-05,1.207972396553251e-05
GradientDescent,8192,419,,0.13178351651389564,2.2476894835144225,7.272012740282442e-05,0.07271924895955657,0.9999999999999004,4.0126208007054305e-05,3.235198860365125e-05,1.2079781736510728e-05
GradientDescent,8192,420,,0.13177822845666798,2.2476167648155903,7.271924895955383e-05,0.07271837052270026,0.9999999999999004,4.012684869508433e-05,3.235264451146344e-05,1.2079839504384707e-05
GradientDescent,8192,421,,0.1317729405271959,2.247544046995097,7.271837052269827e-05,0.07271749209225466,0.9999999999999001,4.012748944955011e-05,3.235330045203862e-05,1.2079897270681021e-05
GradientDescent,8192,422,,0.13176765272547586,2.247471330052937,7.271749209225475e-05,0.07271661366821996,0.9999999999999004,4.012813024349905e-05,3.2353956425181695e-05,1.2079955034445347e-05
GradientDescent,8192,423,,0.1317623650515114,2.2473986139891045,7.271661366822275e-05,0.07271573525059642,0.9999999999999004,4.012877102301123e-05,3.2354612430499965e-05,1.2080012795295849e-05
GradientDescent,8192,424,,0.13175707750529542,2.2473258988035916,7.271573525060026e-05,0.07271485683938415,0.9999999999999003,4.0129411868971066e-05,3.235526846918147e-05,1.2080070554759165e-05
GradientDescent,8192,425,,0.13175179008682436,2.247253184496392,7.271485683938178e-05,0.0727139784345834,0.9999999999999003,4.013005275442274e-05,3.235592454043836e-05,1.2080128311308394e-05
GradientDescent,8192,426,,0.13174650279610534,2.247180471067501,7.271397843458511e-05,0.0727131000361943,0.9999999999999006,4.0130693598474625e-05,3.2356580643680265e-05,1.2080186066088499e-05
GradientDescent,8192,427,,0.13174121563312058,2.247107758516911,7.27131000361954e-05,0.07271222164421713,0.9999999999999007,4.01313345898817e-05,3.235723678029295e-05,1.2080243817572524e-05
GradientDescent,8192,428,,0.13173592859788075,2.247035046844615,7.271222164421687e-05,0.07271134325865201,0.9999999999999004,4.01319755129263e-05,3.2357892949290866e-05,1.208030156766888e-05
GradientDescent,8192,429,,0.13173064169037163,2.246962336050608,7.271134325865216e-05,0.07271046487949917,0.9999999999999001,4.013261655637425e-05,3.23585491508741e-05,1.2080359315041453e-05
GradientDescent,8192,430,,0.13172535491060744,2.2468896261348825,7.271046487950075e-05,0.0727095865067588,0.9999999999999004,4.013325750448625e-05,3.2359205385440405e-05,1.2080417060071816e-05
GradientDescent,8192,431,,0.13172006825856686,2.2468169170974326,7.270958650676173e-05,0.07270870814043108,0.9999999999999003,4.013389862695076e-05,3.235986165239939e-05,1.2080474802759839e-05
GradientDescent,8192,432,,0.13171478173426054,2.2467442089382517,7.270870814043179e-05,0.07270782978051617,0.9999999999999004,4.013453968104815e-05,3.2360517952148804e-05,1.208053254386886e-05
GradientDescent,8192,433,,0.1317094953376814,2.246671501657334,7.270782978051659e-05,0.07270695142701432,0.9999999999999007,4.013518080162896e-05,3.236117428429586e-05,1.2080590281680952e-05
GradientDescent,8192,434,,0.13170420906882585,2.246598795254672,7.270695142701637e-05,0.07270607307992571,0.9999999999999004,4.0135821961727626e-05,3.236183064963366e-05,1.2080648017341172e-05
GradientDescent,8192,435,,0.13169892292769747,2.2465260897302604,7.270607307992826e-05,0.07270519473925052,0.9999999999999004,4.013646310739825e-05,3.236248704717642e-05,1.2080705751040272e-05
GradientDescent,8192,436,,0.13169363691428204,2.2464533850840924,7.270519473925302e-05,0.07270431640498894,0.9999999999999002,4.013710437351628e-05,3.23631434775196e-05,1.2080763482396383e-05
GradientDescent,8192,437,,0.13168835102859022,2.246380681316161,7.270431640499076e-05,0.07270343807714118,0.9999999999999007,4.013774557125891e-05,3.2363799940863395e-05,1.2080821211027612e-05
GradientDescent,8192,438,,0.1316830652706078,2.246307978426461,7.270343807714185e-05,0.07270255975570741,0.9999999999999004,4.013838688946015e-05,3.236445643641958e-05,1.2080878937697338e-05
GradientDescent,8192,439,,0.13167777964033833,2.2462352764149847,7.270255975570934e-05,0.07270168144068784,0.9999999999999002,4.013902819324058e-05,3.236511296517908e-05,1.2080936662023677e-05
GradientDescent,8192,440,,0.13167249413778537,2.2461625752817267,7.270168144068893e-05,0.07270080313208264,0.9999999999999002,4.0139669482595524e-05,3.236576952615594e-05,1.2080994384006497e-05
GradientDescent,8192,441,,0.1316672087629347,2.24608987502668,7.270080313208252e-05,0.07269992482989204,0.9999999999999004,4.01403108924275e-05,3.236642612014342e-05,1.2081052103454775e-05
GradientDescent,8192,442,,0.13166192351578987,2.2460171756498384,7.26999248298926e-05,0.0726990465341162,0.9999999999999009,4.014095228784086e-05,3.236708274674864e-05,1.2081109820941046e-05
GradientDescent,8192,443,,0.13165663839634734,2.245944477151196,7.269904653411577e-05,0.07269816824475532,0.9999999999999005,4.014159372279814e-05,3.236773940577636e-05,1.2081167535892513e-05
GradientDescent,8192,444,,0.1316513534046071,2.2458717795307455,7.269816824475575e-05,0.07269728996180959,0.9999999999999004,4.014223517031862e-05,3.2368396098019956e-05,1.2081225248690827e-05
GradientDescent,8192,445,,0.1316460685405656,2.2457990827884813,7.269728996181145e-05,0.07269641168527921,0.9999999999999004,4.0142876657387724e-05,3.236905282249332e-05,1.2081282958954068e-05
GradientDescent,8192,446,,0.13164078380421218,2.2457263869243964,7.26964116852773e-05,0.07269553341516438,0.9999999999999004,4.0143518237983145e-05,3.2369709579989846e-05,1.2081340666872995e-05
GradientDescent,8192,447,,0.1316354991955575,2.2456536919384846,7.269553341516479e-05,0.07269465515146527,0.9999999999999004,4.014415975018989e-05,3.237036637011659e-05,1.2081398372829282e-05
GradientDescent,8192,448,,0.13163021471459446,2.2455809978307397,7.269465515146373e-05,0.07269377689418208,0.9999999999999004,4.014480132893972e-05,3.237102319287603e-05,1.2081456076250098e-05
GradientDescent,8192,449,,0.13162493036131595,2.2455083046011546,7.269377689418188e-05,0.07269289864331503,0.9999999999999005,4.014544297424095e-05,3.2371680048666175e-05,1.2081513776944393e-05
GradientDescent,8192,450,,0.13161964613572197,2.245435612249724,7.269289864331631e-05,0.07269202039886427,0.9999999999999007,4.014608463211952e-05,3.23723369366985e-05,1.2081571476057475e-05
GradientDescent,8192,451,,0.13161436203781252,2.245362920776441,7.269202039886691e-05,0.07269114216083002,0.9999999999999005,4.014672630257507e-05,3.237299385756876e-05,1.208162917244378e-05
GradientDescent,8192,452,,0.1316090780675876,2.245290230181299,7.269114216082903e-05,0.07269026392921245,0.9999999999999004,4.0147367985607244e-05,3.237365081127948e-05,1.2081686866675894e-05
GradientDescent,8192,453,,0.131603794225033,2.245217540464292,7.269026392921103e-05,0.07268938570401177,0.9999999999999005,4.014800978919347e-05,3.237430779783316e-05,1.2081744558371864e-05
GradientDescent,8192,454,,0.1315985105101558,2.245144851625413,7.268938570401191e-05,0.07268850748522815,0.999999999999901,4.014865155137758e-05,3.237496481683674e-05,1.2081802248295222e-05
GradientDescent,8192,455,,0.13159322692295605,2.2450721636646556,7.268850748522932e-05,0.07268762927286183,0.9999999999999015,4.0149293326143754e-05,3.237562186908388e-05,1.2081859934918495e-05
GradientDescent,8192,456,,0.13158794346342662,2.244999476582014,7.268762927286051e-05,0.07268675106691297,0.999999999999901,4.014993516748704e-05,3.237627895358811e-05,1.2081917619959816e-05
GradientDescent,8192,457,,0.13158266013156394,2.2449267903774808,7.268675106691262e-05,0.07268587286738176,0.9999999999999009,4.015057704841698e-05,3.237693607114313e-05,1.208197530246446e-05
GradientDescent,8192,458,,0.1315773769273645,2.2448541050510515,7.26858728673788e-05,0.0726849946742684,0.9999999999999006,4.0151218968937555e-05,3.2377593220762374e-05,1.208203298281414e-05
GradientDescent,8192,459,,0.13157209385082824,2.244781420602718,7.26849946742687e-05,0.07268411648757306,0.9999999999999006,4.015186090205181e-05,3.2378250403833045e-05,1.2082090660817804e-05
GradientDescent,8192,460,,0.13156681090195166,2.2447087370324743,7.268411648757357e-05,0.07268323830729598,0.9999999999999005,4.0152502874761415e-05,3.2378907619566405e-05,1.2082148336093451e-05
GradientDescent,8192,461,,0.13156152808073474,2.2446360543403143,7.268323830729703e-05,0.07268236013343729,0.9999999999999005,4.015314486006725e-05,3.2379564867767107e-05,1.2082206009786545e-05
GradientDescent,8192,462,,0.13155624538717747,2.2445633725262315,7.268236013343516e-05,0.07268148196599723,0.999999999999901,4.0153786857968946e-05,3.23802221488333e-05,1.2082263680560424e-05
GradientDescent,8192,463,,0.13155096282126566,2.2444906915902187,7.268148196599622e-05,0.07268060380497596,0.999999999999901,4.01544289764873e-05,3.238087946296537e-05,1.2082321349560569e-05
GradientDescent,8192,464,,0.13154568038300996,2.244418011532271,7.268060380497244e-05,0.07267972565037371,0.9999999999999009,4.015507102659474e-05,3.238153680917655e-05,1.2082379015450278e-05
GradientDescent,8192,465,,0.13154039807240325,2.2443453323523808,7.267972565037665e-05,0.07267884750219065,0.9999999999999009,4.015571314331516e-05,3.2382194188854324e-05,1.2082436679565995e-05
GradientDescent,8192,466,,0.1315351158894349,2.244272654050542,7.267884750219079e-05,0.07267796936042696,0.9999999999999012,4.0156355353665404e-05,3.238285160081405e-05,1.208249434152572e-05
GradientDescent,8192,467,,0.13152983383411554,2.244199976626749,7.267796936043034e-05,0.07267709122508287,0.9999999999999009,4.0156997495600435e-05,3.2383509045651814e-05,1.2082552000565536e-05
GradientDescent,8192,468,,0.13152455190643808,2.2441273000809936,7.267709122508225e-05,0.07267621309615854,0.9999999999999006,4.01576397041604e-05,3.2384166523568e-05,1.2082609657640034e-05
GradientDescent,8192,469,,0.13151927010639541,2.2440546244132715,7.267621309615862e-05,0.07267533497365415,0.9999999999999009,4.015828197935363e-05,3.2384824033575716e-05,1.2082667312749104e-05
GradientDescent,8192,470,,0.1315139884339911,2.2439819496235747,7.26753349736562e-05,0.07267445685756993,0.9999999999999006,4.0158924240149824e-05,3.2385481577062654e-05,1.2082724964937851e-05
GradientDescent,8192,471,,0.13150870688922156,2.2439092757118977,7.267445685756915e-05,0.07267357874790603,0.9999999999999009,4.015956654057222e-05,3.238613915284398e-05,1.2082782615351865e-05
GradientDescent,8192,472,,0.13150342547207972,2.243836602678233,7.267357874790419e-05,0.07267270064466269,0.9999999999999014,4.0160208907639846e-05,3.23867967619117e-05,1.2082840262845276e-05
GradientDescent,8192,473,,0.1314981441825691,2.243763930522576,7.267270064466402e-05,0.07267182254784006,0.9999999999999013,4.016085126031264e-05,3.2387454403080884e-05,1.2082897908563702e-05
GradientDescent,8192,474,,0.13149286302068264,2.243691259244918,7.26718225478428e-05,0.07267094445743837,0.9999999999999011,4.0161493679637566e-05,3.2388112077739405e-05,1.2082955551552212e-05
GradientDescent,8192,475,,0.1314875819864203,2.2436185888452553,7.267094445743647e-05,0.07267006637345778,0.9999999999999011,4.016213611158635e-05,3.238876978430643e-05,1.2083013192383557e-05
GradientDescent,8192,476,,0.13148230107977854,2.2435459193235787,7.26700663734583e-05,0.07266918829589848,0.9999999999999013,4.016277858317802e-05,3.2389427524763697e-05,1.2083070831248582e-05
GradientDescent,8192,477,,0.1314770203007538,2.243473250679884,7.266918829590214e-05,0.0726683102247607,0.999999999999901,4.016342109441658e-05,3.2390085297134454e-05,1.2083128467192316e-05
GradientDescent,8192,478,,0.13147173964934966,2.2434005829141634,7.26683102247625e-05,0.07266743216004459,0.9999999999999007,4.01640635912629e-05,3.239074310260877e-05,1.2083186101169468e-05
GradientDescent,8192,479,,0.13146645912555543,2.2433279160264115,7.266743216004329e-05,0.07266655410175038,0.9999999999999013,4.016470618180286e-05,3.239140094079329e-05,1.2083243732606993e-05
GradientDescent,8192,480,,0.13146117872937468,2.2432552500166207,7.266655410175153e-05,0.07266567604987821,0.9999999999999011,4.0165348757954224e-05,3.2392058812086424e-05,1.2083301362268664e-05
GradientDescent,8192,481,,0.13145589846079675,2.243182584884786,7.266567604987901e-05,0.07266479800442834,0.9999999999999004,4.016599142781156e-05,3.239271671569886e-05,1.2083358988817511e-05
GradientDescent,8192,482,,0.13145061831982874,2.2431099206309,7.2664798004432e-05,0.07266391996540089,0.9999999999999006,4.016663405625804e-05,3.2393374652424935e-05,1.2083416613781231e-05
GradientDescent,8192,483,,0.1314453383064671,2.243037257254956,7.266391996539983e-05,0.0726630419327961,0.9999999999999011,4.0167276724365594e-05,3.239403262206921e-05,1.2083474236013812e-05
GradientDescent,8192,484,,0.13144005842070472,2.2429645947569488,7.266304193279733e-05,0.07266216390661413,0.9999999999999014,4.016791945916628e-05,3.2394690624238247e-05,1.2083531856279057e-05
GradientDescent,8192,485,,0.13143477866253805,2.2428919331368715,7.26621639066158e-05,0.07266128588685522,0.9999999999999014,4.016856223363928e-05,3.23953486591325e-05,1.2083589473621898e-05
GradientDescent,8192,486,,0.13142949903197065,2.242819272394718,7.266128588685717e-05,0.07266040787351952,0.9999999999999011,4.016920499372811e-05,3.239600672695248e-05,1.2083647089188132e-05
GradientDescent,8192,487,,0.1314242195289954,2.2427466125304805,7.266040787351975e-05,0.07265952986660724,0.9999999999999007,4.0169847820522054e-05,3.239666482789869e-05,1.2083704702022679e-05
GradientDescent,8192,488,,0.13141894015361588,2.242673953544154,7.265952986660863e-05,0.07265865186611856,0.9999999999999011,4.017049063293222e-05,3.239732296118166e-05,1.2083762313080373e-05
GradientDescent,8192,489,,0.1314136609058214,2.2426012954357315,7.265865186611834e-05,0.07265777387205366,0.9999999999999007,4.01711335390879e-05,3.239798112779391e-05,1.2083819921597112e-05
GradientDescent,8192,490,,0.13140838178560843,2.2425286382052065,7.265777387205507e-05,0.07265689588441278,0.9999999999999014,4.017177648493262e-05,3.239863932694593e-05,1.2083877527381751e-05
GradientDescent,8192,491,,0.1314031027929876,2.242455981852573,7.265689588441242e-05,0.07265601790319608,0.999999999999901,4.017241936232769e-05,3.239929755883822e-05,1.2083935131198155e-05
GradientDescent,8192,492,,0.13139782392794475,2.2423833263778246,7.265601790319897e-05,0.07265513992840372,0.9999999999999011,4.0173062360517015e-05,3.23999558236713e-05,1.2083992733046212e-05
GradientDescent,8192,493,,0.13139254519048338,2.2423106717809542,7.265513992840202e-05,0.07265426196003594,0.999999999999901,4.017370534432843e-05,3.240061412144773e-05,1.208405033216177e-05
GradientDescent,8192,494,,0.13138726658059285,2.2422380180619568,7.265426196003385e-05,0.07265338399809293,0.9999999999999014,4.017434842191295e-05,3.240127245157585e-05,1.208410792873569e-05
GradientDescent,8192,495,,0.13138198809828028,2.2421653652208238,7.265338399809469e-05,0.07265250604257485,0.9999999999999011,4.017499145808318e-05,3.240193081544452e-05,1.2084165523531884e-05
GradientDescent,8192,496,,0.13137670974353854,2.242092713257551,7.265250604257591e-05,0.07265162809348193,0.9999999999999012,4.0175634560994503e-05,3.240258921107574e-05,1.2084223115595167e-05
GradientDescent,8192,497,,0.13137143151636765,2.242020062172131,7.265162809348122e-05,0.07265075015081432,0.9999999999999012,4.0176277676570874e-05,3.240324764025451e-05,1.2084280705689463e-05
GradientDescent,8192,498,,0.1313661534167605,2.241947411964557,7.265075015081677e-05,0.07264987221457224,0.9999999999999012,4.01769208588985e-05,3.240390610238919e-05,1.2084338293241591e-05
GradientDescent,8192,499,,0.13136087544472064,2.2418747626348234,7.264987221457438e-05,0.07264899428475588,0.9999999999999014,4.017756402685265e-05,3.240456459669e-05,1.2084395878442437e-05
GradientDescent,8192,500,,0.1313555976002374,2.2418021141829234,7.264899428475307e-05,0.07264811636136542,0.9999999999999012,4.017820728861042e-05,3.2405223124347875e-05,1.208445346148289e-05
GradientDescent,8192,501,,0.13135031988331436,2.2417294666088505,7.26481163613674e-05,0.07264723844440106,0.9999999999999014,4.017885053599835e-05,3.2405881684771124e-05,1.20845110421718e-05
GradientDescent,8192,502,,0.13134504229395505,2.2416568199125986,7.264723844440408e-05,0.07264636053386299,0.9999999999999011,4.0179493769011765e-05,3.240654027796224e-05,1.2084568620509034e-05
GradientDescent,8192,503,,0.13133976483214171,2.241584174094161,7.264636053385988e-05,0.07264548262975139,0.9999999999999015,4.0180137149938214e-05,3.2407198904121834e-05,1.2084626196685491e-05
GradientDescent,8192,504,,0.131334487497885,2.2415115291535317,7.264548262975275e-05,0.07264460473206648,0.9999999999999015,4.018078046240072e-05,3.2407857562856207e-05,1.2084683770127946e-05
GradientDescent,8192,505,,0.13132921029117073,2.241438885090703,7.264460473206665e-05,0.07264372684080844,0.9999999999999011,4.018142389574208e-05,3.240851625515844e-05,1.2084741341409355e-05
GradientDescent,8192,506,,0.13132393321201308,2.24136624190567,7.264372684080876e-05,0.07264284895597745,0.9999999999999009,4.018206723356358e-05,3.2409174979644246e-05,1.2084798910720636e-05
GradientDescent,8192,507,,0.13131865626039074,2.241293599598426,7.264284895597813e-05,0.07264197107757368,0.9999999999999015,4.018271074637805e-05,3.240983373710859e-05,1.208485647767959e-05
GradientDescent,8192,508,,0.13131337943631438,2.241220958168964,7.264197107757385e-05,0.07264109320559738,0.9999999999999012,4.0183354190723935e-05,3.2410492527553996e-05,1.2084914041903997e-05
GradientDescent,8192,509,,0.1313081027397769,2.2411483176172777,7.264109320559664e-05,0.07264021534004869,0.9999999999999015,4.018399770186401e-05,3.2411151350982994e-05,1.208497160415789e-05
GradientDescent,8192,510,,0.13130282617077826,2.2410756779433614,7.264021534005191e-05,0.07263933748092785,0.9999999999999015,4.018464122569397e-05,3.241181020700181e-05,1.2085029163676962e-05
GradientDescent,8192,511,,0.13129754972930785,2.2410030391472078,7.263933748093055e-05,0.07263845962823501,0.9999999999999012,4.0185284843385704e-05,3.24124690962074e-05,1.2085086721416313e-05
GradientDescent,8192,512,,0.1312922734153763,2.240930401228811,7.263845962823318e-05,0.07263758178197034,0.9999999999999012,4.018592839260096e-05,3.241312801800782e-05,1.2085144276993734e-05
GradientDescent,8192,513,,0.13128699722897297,2.240857764188165,7.263758178197286e-05,0.07263670394213412,0.9999999999999009,4.0186572035683807e-05,3.2413786972801896e-05,1.2085201829262769e-05
GradientDescent,8192,514,,0.13128172117009074,2.240785128025262,7.263670394213329e-05,0.07263582610872645,0.9999999999999014,4.01872157455863e-05,3.2414445960592156e-05,1.2085259380324872e-05
GradientDescent,8192,515,,0.13127644523874027,2.2407124927400965,7.263582610872914e-05,0.07263494828174756,0.9999999999999019,4.018785938700801e-05,3.2415104981381126e-05,1.2085316928460425e-05
GradientDescent,8192,516,,0.1312711694349038,2.2406398583326625,7.263494828174754e-05,0.07263407046119769,0.9999999999999019,4.018850317643828e-05,3.2415764034576776e-05,1.2085374473860333e-05
GradientDescent,8192,517,,0.13126589375859554,2.240567224802953,7.263407046119909e-05,0.07263319264707693,0.9999999999999012,4.0189146870323165e-05,3.241642312097434e-05,1.2085432018052958e-05
GradientDescent,8192,518,,0.13126061820980128,2.2404945921509616,7.263319264707717e-05,0.07263231483938555,0.9999999999999012,4.018979068516504e-05,3.241708224037818e-05,1.2085489559127554e-05
GradientDescent,8192,519,,0.13125534278852102,2.240421960376682,7.26323148393876e-05,0.0726314370381237,0.9999999999999009,4.019043451271654e-05,3.24177413923944e-05,1.2085547098230367e-05
GradientDescent,8192,520,,0.1312500674947512,2.2403493294801082,7.263143703812587e-05,0.07263055924329159,0.9999999999999012,4.019107838004453e-05,3.2418400577421914e-05,1.2085604634979141e-05
GradientDescent,8192,521,,0.13124479232849184,2.2402766994612326,7.263055924328876e-05,0.07262968145488942,0.9999999999999015,4.019172226008473e-05,3.241905979566148e-05,1.2085662169182666e-05
GradientDescent,8192,522,,0.13123951728973937,2.24020407032005,7.262968145488793e-05,0.07262880367291737,0.9999999999999012,4.019236617990616e-05,3.241971904632274e-05,1.2085719701222955e-05
GradientDescent,8192,523,,0.1312342423784938,2.240131442056553,7.26288036729229e-05,0.07262792589737559,0.9999999999999015,4.019301011244238e-05,3.242037833039933e-05,1.2085777231482038e-05
GradientDescent,8192,524,,0.131228967594748,2.2400588146707365,7.262792589737636e-05,0.07262704812826437,0.9999999999999015,4.019365411183613e-05,3.2421037646704364e-05,1.2085834758049007e-05
GradientDescent,8192,525,,0.131223692938502,2.2399861881625927,7.262704812826337e-05,0.0726261703655838,0.9999999999999013,4.01942981239505e-05,3.242169699662804e-05,1.2085892283789905e-05
GradientDescent,8192,526,,0.1312184184097558,2.2399135625321156,7.26261703655858e-05,0.07262529260933413,0.9999999999999015,4.0194942148785164e-05,3.2422356379181674e-05,1.2085949806411652e-05
GradientDescent,8192,527,,0.13121314400850226,2.239840937779299,7.262529260933518e-05,0.07262441485951554,0.9999999999999015,4.0195586240489385e-05,3.2423015794566024e-05,1.2086007326869516e-05
GradientDescent,8192,528,,0.1312078697347414,2.239768313904137,7.262441485952133e-05,0.0726235371161282,0.9999999999999015,4.019623034491973e-05,3.242367524278358e-05,1.2086064845163372e-05
GradientDescent,8192,529,,0.1312025955884697,2.239695690906623,7.262353711612869e-05,0.07262265937917234,0.9999999999999013,4.019687448915285e-05,3.2424334724035144e-05,1.2086122360910911e-05
GradientDescent,8192,530,,0.13119732156968356,2.239623068786749,7.262265937917161e-05,0.07262178164864813,0.9999999999999016,4.0197518673192755e-05,3.242499423852152e-05,1.2086179874303089e-05
GradientDescent,8192,531,,0.13119204767838655,2.2395504475445107,7.26217816486483e-05,0.07262090392455575,0.9999999999999012,4.019816284288512e-05,3.242565378545212e-05,1.2086237385721961e-05
GradientDescent,8192,532,,0.13118677391457156,2.2394778271799,7.262090392455392e-05,0.0726200262068954,0.9999999999999013,4.019880707946601e-05,3.242631336582088e-05,1.2086294894785219e-05
GradientDescent,8192,533,,0.13118150027823505,2.239405207692912,7.262002620689373e-05,0.07261914849566727,0.9999999999999019,4.0199451355862454e-05,3.242697297863887e-05,1.2086352401301627e-05
GradientDescent,8192,534,,0.13117622676937346,2.2393325890835394,7.261914849566823e-05,0.07261827079087158,0.9999999999999019,4.0200095672078456e-05,3.242763262450348e-05,1.2086409905271043e-05
GradientDescent,8192,535,,0.13117095338799034,2.2392599713517756,7.261827079087051e-05,0.07261739309250849,0.9999999999999016,4.0200739973951e-05,3.2428292303615566e-05,1.2086467407266643e-05
GradientDescent,8192,536,,0.1311656801340786,2.2391873544976146,7.261739309250935e-05,0.07261651540057817,0.9999999999999012,4.020138434272921e-05,3.2428952015382714e-05,1.208652490728831e-05
GradientDescent,8192,537,,0.1311604070076382,2.2391147385210504,7.261651540057953e-05,0.07261563771508085,0.9999999999999015,4.0202028724250055e-05,3.242961176000574e-05,1.208658240457149e-05
GradientDescent,8192,538,,0.13115513400866563,2.2390421234220748,7.26156377150822e-05,0.07261476003601672,0.9999999999999015,4.020267314559998e-05,3.2430271538280494e-05,1.2086639899498257e-05
GradientDescent,8192,539,,0.13114986113715732,2.238969509200684,7.261476003601673e-05,0.07261388236338595,0.999999999999902,4.020331760678302e-05,3.243093134842453e-05,1.208669739225959e-05
GradientDescent,8192,540,,0.13114458839310972,2.2388968958568696,7.261388236338829e-05,0.07261300469718875,0.999999999999902,4.0203962107803156e-05,3.2431591192225344e-05,1.2086754882664252e-05
GradientDescent,8192,541,,0.13113931577651927,2.238824283390626,7.261300469718748e-05,0.07261212703742531,0.9999999999999016,4.020460664866442e-05,3.243225106889214e-05,1.2086812370520987e-05
GradientDescent,8192,542,,0.1311340432873931,2.2387516718019462,7.261212703742121e-05,0.0726112493840958,0.9999999999999016,4.020525114809741e-05,3.243291097842743e-05,1.2086869856594141e-05
GradientDescent,8192,543,,0.1311287709257205,2.2386790610908243,7.261124938409287e-05,0.07261037173720042,0.999999999999902,4.0205895741554205e-05,3.2433570921032095e-05,1.2086927340119114e-05
GradientDescent,8192,544,,0.13112349869149442,2.238606451257254,7.261037173719917e-05,0.07260949409673938,0.9999999999999016,4.020654040195423e-05,3.243423089631193e-05,1.2086984821095763e-05
GradientDescent,8192,545,,0.13111822658472905,2.238533842301228,7.260949409673879e-05,0.07260861646271285,0.9999999999999016,4.0207184966739404e-05,3.243489090506293e-05,1.2087042299906199e-05
GradientDescent,8192,546,,0.13111295460540306,2.2384612342227412,7.26086164627104e-05,0.07260773883512103,0.9999999999999016,4.020782970684694e-05,3.243555094629577e-05,1.2087099776550304e-05
GradientDescent,8192,547,,0.13110768275352713,2.238388627021786,7.260773883512278e-05,0.07260686121396412,0.9999999999999016,4.0208474378433343e-05,3.2436211020806466e-05,1.2087157250645685e-05
GradientDescent,8192,548,,0.13110241102909415,2.238316020698357,7.260686121395895e-05,0.07260598359924228,0.9999999999999017,4.0209119116973596e-05,3.24368711280024e-05,1.2087214722765604e-05
GradientDescent,8192,549,,0.13109713943209345,2.2382434152524473,7.260598359924272e-05,0.07260510599095574,0.999999999999902,4.020976394957484e-05,3.243753126828286e-05,1.20872721921454e-05
GradientDescent,8192,550,,0.1310918679625357,2.23817081068405,7.2605105990958e-05,0.07260422838910467,0.999999999999902,4.021040871365066e-05,3.2438191441848793e-05,1.2087329659358337e-05
GradientDescent,8192,551,,0.13108659662041733,2.2380982069931594,7.260422838910418e-05,0.07260335079368928,0.9999999999999016,4.0211053517591446e-05,3.243885164790911e-05,1.2087387124213152e-05
GradientDescent,8192,552,,0.13108132540573125,2.238025604179769,7.260335079369187e-05,0.0726024732047097,0.9999999999999014,4.0211698388503236e-05,3.243951188725997e-05,1.208744458747429e-05
GradientDescent,8192,553,,0.1310760543184739,2.237953002243872,7.260247320470931e-05,0.07260159562216618,0.9999999999999021,4.021234329929129e-05,3.2440172159507056e-05,1.2087502047421329e-05
GradientDescent,8192,554,,0.1310707833586382,2.2378804011854614,7.260159562216517e-05,0.07260071804605892,0.9999999999999016,4.0212988277063837e-05,3.2440832465049776e-05,1.2087559505392137e-05
GradientDescent,8192,555,,0.13106551252623477,2.237807801004532,7.260071804605881e-05,0.07259984047638807,0.999999999999902,4.0213633186302736e-05,3.2441492803096924e-05,1.208761696119545e-05
GradientDescent,8192,556,,0.13106024182125653,2.2377352017010765,7.259984047638769e-05,0.07259896291315383,0.999999999999902,4.021427816252654e-05,3.24421531746432e-05,1.2087674414639987e-05
GradientDescent,8192,557,,0.13105497124369636,2.23766260327509,7.259896291315143e-05,0.07259808535635644,0.999999999999902,4.0214923205743635e-05,3.2442813578302024e-05,1.2087731865343302e-05
GradientDescent,8192,558,,0.13104970079355072,2.2375900057265645,7.259808535635532e-05,0.07259720780599599,0.9999999999999017,4.021556828885382e-05,3.244347401586195e-05,1.2087789314834516e-05
GradientDescent,8192,559,,0.1310444304708196,2.237517409055494,7.259720780599223e-05,0.07259633026207277,0.9999999999999022,4.021621338475146e-05,3.244413448613482e-05,1.2087846760819615e-05
GradientDescent,8192,560,,0.1310391602755101,2.2374448132618716,7.25963302620713e-05,0.07259545272458694,0.9999999999999019,4.02168584392147e-05,3.244479498952007e-05,1.208790420482772e-05
GradientDescent,8192,561,,0.13103389020760448,2.237372218345692,7.259545272458715e-05,0.07259457519353865,0.9999999999999022,4.02175036420174e-05,3.24454555256233e-05,1.208796164704988e-05
GradientDescent,8192,562,,0.13102862026710627,2.2372996243069476,7.259457519354015e-05,0.07259369766892818,0.9999999999999022,4.021814883050341e-05,3.2446116095042434e-05,1.2088019085956645e-05
GradientDescent,8192,563,,0.13102335045401903,2.237227031145633,7.259369766892753e-05,0.07259282015075562,0.9999999999999019,4.021879400466803e-05,3.244677669718458e-05,1.2088076523650714e-05
GradientDescent,8192,564,,0.1310180807683321,2.2371544388617415,7.259282015075212e-05,0.0725919426390212,0.9999999999999017,4.021943927296703e-05,3.244743733244923e-05,1.2088133958602623e-05
GradientDescent,8192,565,,0.1310128112100455,2.2370818474552663,7.259194263901895e-05,0.07259106513372512,0.9999999999999014,4.022008455406453e-05,3.2448098000838915e-05,1.2088191391194573e-05
GradientDescent,8192,566,,0.1310075417791592,2.237009256926201,7.259106513372614e-05,0.07259018763486758,0.9999999999999019,4.02207298479602e-05,3.244875870235619e-05,1.2088248821426428e-05
GradientDescent,8192,567,,0.1310022724756661,2.2369366672745397,7.259018763487019e-05,0.07258931014244877,0.9999999999999022,4.022137520889048e-05,3.244941943640803e-05,1.2088306249106878e-05
GradientDescent,8192,568,,0.1309970032995662,2.236864078500275,7.258931014244878e-05,0.07258843265646885,0.9999999999999022,4.022202058262479e-05,3.245008020418807e-05,1.2088363675000506e-05
GradientDescent,8192,569,,0.13099173425085953,2.236791490603402,7.258843265646833e-05,0.07258755517692804,0.9999999999999022,4.02226659691628e-05,3.245074100411066e-05,1.2088421098151288e-05
GradientDescent,8192,570,,0.13098646532953895,2.2367189035839123,7.25875551769291e-05,0.07258667770382653,0.9999999999999015,4.022331142274749e-05,3.245140183816362e-05,1.208847851913263e-05
GradientDescent,8192,571,,0.13098119653560447,2.236646317441801,7.258667770382553e-05,0.07258580023716445,0.9999999999999021,4.0223956889141746e-05,3.245206270436416e-05,1.2088535938517976e-05
GradientDescent,8192,572,,0.1309759278690561,2.236573732177061,7.258580023716674e-05,0.07258492277694209,0.9999999999999024,4.0224602368345226e-05,3.245272360410457e-05,1.2088593354204122e-05
GradientDescent,8192,573,,0.13097065932988317,2.236501147789687,7.258492277694e-05,0.07258404532315957,0.9999999999999019,4.022524794173241e-05,3.245338453639464e-05,1.2088650768676392e-05
GradientDescent,8192,574,,0.13096539091808923,2.2364285642796715,7.258404532315949e-05,0.07258316787581712,0.9999999999999022,4.022589350081194e-05,3.245404550183254e-05,1.2088708180213942e-05
GradientDescent,8192,575,,0.13096012263367784,2.236355981647007,7.25831678758163e-05,0.0725822904349149,0.9999999999999021,4.022653904557911e-05,3.24547065012151e-05,1.2088765589772605e-05
GradientDescent,8192,576,,0.13095485447663835,2.23628339989169,7.258229043491531e-05,0.07258141300045312,0.9999999999999017,4.0227184684542066e-05,3.2455367532162046e-05,1.2088822996969861e-05
GradientDescent,8192,577,,0.1309495864469672,2.2362108190137118,7.258141300045167e-05,0.07258053557243198,0.9999999999999022,4.0227830363454956e-05,3.245602859705872e-05,1.2088880401614376e-05
GradientDescent,8192,578,,0.13094431854466437,2.2361382390130657,7.258053557243238e-05,0.07257965815085166,0.9999999999999024,4.022847605519142e-05,3.2456689695312e-05,1.2088937804088417e-05
GradientDescent,8192,579,,0.13093905076972634,2.236065659889747,7.257965815084991e-05,0.07257878073571233,0.9999999999999017,4.0229121786882605e-05,3.2457350825931475e-05,1.2088995204391863e-05
GradientDescent,8192,580,,0.13093378312215664,2.235993081643748,7.257878073571194e-05,0.07257790332701419,0.9999999999999021,4.022976750426739e-05,3.245801198991261e-05,1.2089052602524586e-05
GradientDescent,8192,581,,0.13092851560194463,2.2359205042750636,7.257790332701109e-05,0.07257702592475743,0.9999999999999019,4.0230413315875746e-05,3.245867318646354e-05,1.2089109998295251e-05
GradientDescent,8192,582,,0.1309232482090903,2.2358479277836856,7.257702592475854e-05,0.07257614852894229,0.9999999999999023,4.023105914031615e-05,3.245933441697704e-05,1.2089167390938867e-05
GradientDescent,8192,583,,0.13091798094359364,2.2357753521696084,7.257614852894432e-05,0.07257527113956888,0.9999999999999022,4.0231704977588264e-05,3.245999568006541e-05,1.2089224782367433e-05
GradientDescent,8192,584,,0.1309127138054511,2.235702777432826,7.257527113956768e-05,0.07257439375663743,0.9999999999999025,4.023235085482871e-05,3.2460656976128384e-05,1.2089282171051116e-05
GradientDescent,8192,585,,0.13090744679465915,2.235630203573331,7.25743937566392e-05,0.07257351638014817,0.9999999999999023,4.0232996772041504e-05,3.246131830556574e-05,1.2089339556989765e-05
GradientDescent,8192,586,,0.13090217991121778,2.2355576305911184,7.25735163801451e-05,0.07257263901010122,0.9999999999999022,4.023364270209156e-05,3.246197966758551e-05,1.2089396941330573e-05
GradientDescent,8192,587,,0.13089691315511987,2.235485058486181,7.257263901009832e-05,0.07257176164649681,0.9999999999999022,4.023428869925897e-05,3.2462641062984735e-05,1.2089454322926082e-05
GradientDescent,8192,588,,0.13089164652636542,2.2354124872585115,7.257176164650114e-05,0.07257088428933513,0.9999999999999025,4.023493470926953e-05,3.246330249176601e-05,1.208951170234983e-05
GradientDescent,8192,589,,0.130886380024958,2.2353399169081047,7.257088428933848e-05,0.07257000693861634,0.9999999999999023,4.023558070498049e-05,3.2463963953137246e-05,1.2089569079601692e-05
GradientDescent,8192,590,,0.1308811136508834,2.2352673474349536,7.257000693861549e-05,0.07256912959434067,0.9999999999999022,4.0236226822104616e-05,3.24646254478956e-05,1.2089626454299077e-05
GradientDescent,8192,591,,0.1308758474041487,2.2351947788390523,7.256912959434218e-05,0.07256825225650829,0.9999999999999022,4.0236872897791537e-05,3.2465286975447625e-05,1.2089683826824312e-05
GradientDescent,8192,592,,0.13087058128474682,2.235122211120393,7.256825225650632e-05,0.0725673749251194,0.9999999999999026,4.0237519040614885e-05,3.246594853659054e-05,1.2089741196794801e-05
GradientDescent,8192,593,,0.1308653152926742,2.2350496442789716,7.25673749251191e-05,0.0725664976001742,0.999999999999902,4.023816522343631e-05,3.246661013013483e-05,1.2089798564592877e-05
GradientDescent,8192,594,,0.13086004942793084,2.2349770783147793,7.256649760017368e-05,0.07256562028167282,0.9999999999999025,4.023881141911196e-05,3.246727175747378e-05,1.2089855930600904e-05
GradientDescent,8192,595,,0.13085478369051673,2.234904513227812,7.256562028167184e-05,0.07256474296961551,0.9999999999999026,4.0239457627641516e-05,3.246793341702044e-05,1.2089913293671307e-05
GradientDescent,8192,596,,0.13084951808042833,2.234831949018061,7.256474296961483e-05,0.07256386566400248,0.9999999999999025,4.024010387617469e-05,3.246859511076429e-05,1.2089970654186417e-05
GradientDescent,8192,597,,0.13084425259765498,2.2347593856855203,7.256386566400133e-05,0.07256298836483388,0.9999999999999023,4.0240750219017796e-05,3.24692568371183e-05,1.2090028012911094e-05
GradientDescent,8192,598,,0.13083898724220377,2.2346868232301853,7.256298836483087e-05,0.07256211107210989,0.9999999999999022,4.024139652042244e-05,3.2469918596084964e-05,1.2090085369462723e-05
GradientDescent,8192,599,,0.13083372201406762,2.2346142616520472,7.256211107211185e-05,0.07256123378583071,0.9999999999999023,4.0242042888992866e-05,3.247058038905782e-05,1.2090142723458675e-05
GradientDescent,8192,600,,0.13082845691325007,2.2345417009511013,7.256123378582876e-05,0.07256035650599654,0.9999999999999025,4.0242689243274215e-05,3.2471242214449664e-05,1.2090200075090064e-05
GradientDescent,8192,601,,0.13082319193974046,2.23446914112734,7.256035650599806e-05,0.07255947923260758,0.9999999999999025,4.0243335691883824e-05,3.247190407345539e-05,1.2090257424356755e-05
GradientDescent,8192,602,,0.13081792709354234,2.234396582180758,7.255947923260763e-05,0.07255860196566404,0.9999999999999023,4.0243982126208065e-05,3.247256596488513e-05,1.2090314771067355e-05
GradientDescent,8192,603,,0.13081266237464506,2.234324024111348,7.255860196566242e-05,0.07255772470516603,0.9999999999999022,4.0244628654873014e-05,3.247322789013259e-05,1.20903721163693e-05
GradientDescent,8192,604,,0.13080739778305928,2.234251466919104,7.255772470516558e-05,0.07255684745111379,0.9999999999999023,4.0245275114938716e-05,3.2473889848206614e-05,1.2090429458732378e-05
GradientDescent,8192,605,,0.13080213331877433,2.234178910604019,7.255684745111159e-05,0.07255597020350751,0.9999999999999027,4.024592166935103e-05,3.247455183950724e-05,1.20904867989215e-05
GradientDescent,8192,606,,0.1307968689817831,2.2341063551660874,7.255597020350724e-05,0.07255509296234741,0.9999999999999024,4.024656829096174e-05,3.247521386363946e-05,1.2090544136362732e-05
GradientDescent,8192,607,,0.13079160477209628,2.234033800605302,7.255509296234398e-05,0.07255421572763364,0.9999999999999026,4.024721484396893e-05,3.247587592120213e-05,1.2090601472012281e-05
GradientDescent,8192,608,,0.13078634068969608,2.2339612469216568,7.255421572763543e-05,0.07255333849936638,0.9999999999999023,4.024786154566445e-05,3.247653801199904e-05,1.2090658805487497e-05
GradientDescent,8192,609,,0.1307810767345896,2.2338886941151452,7.255333849936787e-05,0.07255246127754586,0.9999999999999027,4.0248508205920026e-05,3.2477200135635164e-05,1.2090716136023144e-05
GradientDescent,8192,610,,0.13077581290677687,2.233816142185761,7.255246127754344e-05,0.07255158406217226,0.9999999999999026,4.024915487905729e-05,3.24778622925106e-05,1.2090773464575458e-05
GradientDescent,8192,611,,0.13077054920625075,2.2337435911334977,7.255158406217389e-05,0.07255070685324572,0.9999999999999024,4.02498016194088e-05,3.2478524482429096e-05,1.2090830791335606e-05
GradientDescent,8192,612,,0.13076528563300416,2.233671040958349,7.255070685324693e-05,0.07254982965076652,0.999999999999903,4.0250448426982954e-05,3.2479186705592e-05,1.2090888114581926e-05
GradientDescent,8192,613,,0.13076002218704064,2.2335984916603078,7.254982965076783e-05,0.07254895245473479,0.9999999999999024,4.025109522028229e-05,3.247984896200186e-05,1.2090945436418379e-05
GradientDescent,8192,614,,0.1307547588683602,2.233525943239368,7.25489524547343e-05,0.07254807526515071,0.9999999999999024,4.025174202647183e-05,3.248051125146242e-05,1.2091002756079724e-05
GradientDescent,8192,615,,0.1307494956769557,2.2334533956955234,7.254807526515226e-05,0.07254719808201451,0.9999999999999024,4.025238889989286e-05,3.248117357417502e-05,1.2091060072800672e-05
GradientDescent,8192,616,,0.13074423261282364,2.233380849028767,7.254719808201544e-05,0.07254632090532637,0.9999999999999023,4.02530358133819e-05,3.2481835929943406e-05,1.2091117387537526e-05
GradientDescent,8192,617,,0.130738969675964,2.233308303239094,7.254632090532527e-05,0.07254544373508645,0.9999999999999026,4.025368273976998e-05,3.248249831857125e-05,1.209117470009888e-05
GradientDescent,8192,618,,0.1307337068663732,2.233235758326497,7.254544373508572e-05,0.07254456657129499,0.9999999999999026,4.0254329706230875e-05,3.248316074045876e-05,1.2091232009910712e-05
GradientDescent,8192,619,,0.13072844418405127,2.2331632142909674,7.254456657129418e-05,0.07254368941395213,0.9999999999999024,4.025497668559343e-05,3.248382319640391e-05,1.2091289317929374e-05
GradientDescent,8192,620,,0.13072318162899466,2.2330906711325023,7.254368941395155e-05,0.07254281226305809,0.9999999999999024,4.0255623705033604e-05,3.24844856842219e-05,1.2091346623389547e-05
GradientDescent,8192,621,,0.13071791920119624,2.2330181288510933,7.254281226306121e-05,0.07254193511861307,0.9999999999999023,4.025627079173282e-05,3.248514820590377e-05,1.2091403926291091e-05
GradientDescent,8192,622,,0.13071265690065959,2.232945587446734,7.254193511861128e-05,0.07254105798061722,0.9999999999999027,4.0256917864164084e-05,3.2485810760855545e-05,1.209146122739909e-05
GradientDescent,8192,623,,0.13070739472738113,2.2328730469194187,7.25410579806155e-05,0.07254018084907075,0.9999999999999031,4.025756497668181e-05,3.248647334848313e-05,1.2091518525948202e-05
GradientDescent,8192,624,,0.13070213268135733,2.2328005072691406,7.254018084907114e-05,0.07253930372397388,0.9999999999999031,4.025821212929006e-05,3.2487135969584566e-05,1.2091575821938283e-05
GradientDescent,8192,625,,0.13069687076258463,2.2327279684958925,7.253930372397176e-05,0.07253842660532676,0.9999999999999024,4.025885932199287e-05,3.248779862416242e-05,1.2091633115943132e-05
GradientDescent,8192,626,,0.13069160897106658,2.2326554305996695,7.253842660532401e-05,0.0725375494931296,0.9999999999999024,4.025950650042858e-05,3.248846131122481e-05,1.2091690407580002e-05
GradientDescent,8192,627,,0.13068634730678896,2.232582893580464,7.253754949312731e-05,0.07253667238738258,0.9999999999999027,4.026015380051223e-05,3.248912403196759e-05,1.2091747696848761e-05
GradientDescent,8192,628,,0.13068108576975535,2.23251035743827,7.253667238738475e-05,0.07253579528808589,0.9999999999999027,4.026080108633578e-05,3.248978678579666e-05,1.2091804983940593e-05
GradientDescent,8192,629,,0.13067582435997283,2.232437822173081,7.253579528808957e-05,0.07253491819523972,0.9999999999999029,4.026144833070839e-05,3.249044957271456e-05,1.2091862268664051e-05
GradientDescent,8192,630,,0.13067056307742364,2.2323652877848907,7.253491819523906e-05,0.07253404110884429,0.9999999999999031,4.02620957239316e-05,3.249111239292273e-05,1.2091919550636353e-05
GradientDescent,8192,631,,0.13066530192211134,2.232292754273692,7.2534041108844e-05,0.07253316402889974,0.9999999999999029,4.0262743102896994e-05,3.249177524642374e-05,1.2091976831005313e-05
GradientDescent,8192,632,,0.13066004089403593,2.2322202216394795,7.253316402889673e-05,0.0725322869554063,0.9999999999999025,4.0263390494789306e-05,3.249243813282227e-05,1.2092034108622853e-05
GradientDescent,8192,633,,0.13065477999319386,2.2321476898822468,7.253228695540417e-05,0.07253140988836414,0.9999999999999029,4.026403792679872e-05,3.249310105231979e-05,1.2092091384062817e-05
GradientDescent,8192,634,,0.13064951921957801,2.2320751590019863,7.253140988836559e-05,0.07253053282777346,0.9999999999999024,4.0264685426120876e-05,3.249376400551567e-05,1.2092148657133748e-05
GradientDescent,8192,635,,0.1306442585731955,2.232002628998692,7.253053282777e-05,0.0725296557736344,0.9999999999999025,4.026533288399341e-05,3.249442699181566e-05,1.2092205928409521e-05
GradientDescent,8192,636,,0.13063899805403567,2.2319300998723577,7.252965577363548e-05,0.07252877872594725,0.9999999999999025,4.026598043637621e-05,3.2495090011023333e-05,1.2092263196359318e-05
GradientDescent,8192,637,,0.13063373766209496,2.231857571622977,7.252877872594646e-05,0.07252790168471211,0.9999999999999029,4.0266628028892316e-05,3.249575306353913e-05,1.2092320462896376e-05
GradientDescent,8192,638,,0.13062847739737693,2.2317850442505436,7.252790168471132e-05,0.07252702464992922,0.9999999999999025,4.026727560715379e-05,3.2496416149365634e-05,1.2092377726681197e-05
GradientDescent,8192,639,,0.13062321725987802,2.2317125177550508,7.252702464992771e-05,0.07252614762159876,0.9999999999999027,4.026792322555009e-05,3.249707926830641e-05,1.2092434988096323e-05
GradientDescent,8192,640,,0.13061795724959469,2.2316399921364916,7.252614762159675e-05,0.07252527059972089,0.9999999999999029,4.026857088408527e-05,3.249774242076197e-05,1.2092492247715666e-05
GradientDescent,8192,641,,0.13061269736651981,2.231567467394861,7.252527059972399e-05,0.07252439358429585,0.9999999999999025,4.026921860996266e-05,3.249840560573993e-05,1.2092549504199662e-05
GradientDescent,8192,642,,0.1306074376106534,2.231494943530151,7.252439358429326e-05,0.07252351657532378,0.9999999999999031,4.026986634878996e-05,3.249906882483478e-05,1.2092606759270325e-05
GradientDescent,8192,643,,0.13060217798199902,2.2314224205423563,7.252351657532521e-05,0.0725226395728049,0.9999999999999031,4.027051407336536e-05,3.24997320764571e-05,1.2092664011588072e-05
GradientDescent,8192,644,,0.1305969184805531,2.23134989843147,7.252263957280447e-05,0.07252176257673941,0.9999999999999029,4.027116183808928e-05,3.250039536160444e-05,1.2092721261344112e-05
GradientDescent,8192,645,,0.130591659106305,2.231277377197485,7.252176257673779e-05,0.07252088558712745,0.9999999999999029,4.027180969737309e-05,3.250105868008036e-05,1.2092778509495104e-05
GradientDescent,8192,646,,0.13058639985925824,2.231204856840397,7.252088558712683e-05,0.07252000860396927,0.9999999999999032,4.027245754241059e-05,3.250172203129034e-05,1.2092835754510049e-05
GradientDescent,8192,647,,0.1305811407394093,2.2311323373601963,7.252000860396786e-05,0.07251913162726505,0.9999999999999027,4.0273105427608774e-05,3.250238541663012e-05,1.2092892997536965e-05
GradientDescent,8192,648,,0.13057588174675816,2.2310598187568798,7.251913162726349e-05,0.07251825465701492,0.9999999999999029,4.027375332576476e-05,3.2503048834111936e-05,1.2092950238767108e-05
GradientDescent,8192,649,,0.13057062288129773,2.230987301030439,7.251825465701383e-05,0.07251737769321914,0.9999999999999029,4.027440129129428e-05,3.2503712285529655e-05,1.209300747686078e-05
GradientDescent,8192,650,,0.130565364143028,2.230914784180868,7.251737769321562e-05,0.07251650073587787,0.9999999999999026,4.027504926978752e-05,3.2504375770089686e-05,1.2093064713157417e-05
GradientDescent,8192,651,,0.13056010553194541,2.2308422682081606,7.251650073587622e-05,0.07251562378499128,0.9999999999999026,4.027569728845437e-05,3.250503928779457e-05,1.2093121947274165e-05
GradientDescent,8192,652,,0.13055484704804643,2.23076975311231,7.251562378498815e-05,0.07251474684055961,0.9999999999999029,4.02763453472989e-05,3.250570283884592e-05,1.209317917844539e-05
GradientDescent,8192,653,,0.1305495886913346,2.2306972388933093,7.251474684055938e-05,0.072513869902583,0.9999999999999026,4.027699339190031e-05,3.25063664232463e-05,1.2093236408010587e-05
GradientDescent,8192,654,,0.13054433046179925,2.2306247255511535,7.251386990258127e-05,0.07251299297106166,0.9999999999999025,4.027764153110797e-05,3.250703004040104e-05,1.2093293635012748e-05
GradientDescent,8192,655,,0.13053907235944395,2.2305522130858346,7.251299297106387e-05,0.0725121160459958,0.999999999999903,4.027828965607625e-05,3.250769369150714e-05,1.209335085926035e-05
GradientDescent,8192,656,,0.13053381438426515,2.230479701497347,7.251211604599558e-05,0.07251123912738558,0.9999999999999033,4.027893782123185e-05,3.25083573753727e-05,1.2093408081901557e-05
GradientDescent,8192,657,,0.13052855653625572,2.2304071907856846,7.25112391273832e-05,0.0725103622152312,0.9999999999999032,4.027958605379564e-05,3.2509021092597493e-05,1.209346530178794e-05
GradientDescent,8192,658,,0.13052329881541924,2.2303346809508398,7.251036221523228e-05,0.07250948530953287,0.9999999999999032,4.028023427212236e-05,3.2509684843383205e-05,1.2093522519302131e-05
GradientDescent,8192,659,,0.1305180412217557,2.2302621719928073,7.250948530953235e-05,0.07250860841029073,0.9999999999999033,4.0280882503426294e-05,3.251034862693598e-05,1.2093579735018171e-05
GradientDescent,8192,660,,0.13051278375525444,2.23018966391158,7.250860841029215e-05,0.07250773151750503,0.999999999999903,4.0281530829367403e-05,3.251101244405477e-05,1.2093636947787586e-05
GradientDescent,8192,661,,0.1305075264159119,2.2301171567071516,7.250773151750402e-05,0.0725068546311759,0.9999999999999029,4.028217919551613e-05,3.2511676294543066e-05,1.2093694158949996e-05
GradientDescent,8192,662,,0.1305022692037352,2.2300446503795164,7.250685463117762e-05,0.07250597775130356,0.999999999999903,4.0282827520209676e-05,3.2512340177806025e-05,1.2093751367356904e-05
GradientDescent,8192,663,,0.13049701211871012,2.2299721449286665,7.250597775130188e-05,0.07250510087788821,0.9999999999999033,4.028347596677925e-05,3.2513004095040976e-05,1.2093808573390964e-05
GradientDescent,8192,664,,0.13049175516084732,2.229899640354596,7.250510087788746e-05,0.07250422401093004,0.999999999999903,4.02841243446707e-05,3.251366804525484e-05,1.2093865777052043e-05
GradientDescent,8192,665,,0.13048649833013615,2.2298271366572995,7.250422401093374e-05,0.0725033471504292,0.999999999999903,4.028477281722401e-05,3.251433202845014e-05,1.2093922978914223e-05
GradientDescent,8192,666,,0.13048124162657304,2.2297546338367695,7.250334715042832e-05,0.07250247029638592,0.9999999999999032,4.0285421329998666e-05,3.251499604522685e-05,1.2093980178211768e-05
GradientDescent,8192,667,,0.1304759850501651,2.2296821318929996,7.250247029638528e-05,0.0725015934488004,0.9999999999999029,4.028606980131542e-05,3.251566009538842e-05,1.2094037374561707e-05
GradientDescent,8192,668,,0.13047072860089814,2.229609630825984,7.250159344880037e-05,0.07250071660767275,0.9999999999999026,4.0286718394538376e-05,3.251632417853907e-05,1.209409457006943e-05
GradientDescent,8192,669,,0.13046547227877214,2.229537130635715,7.250071660767283e-05,0.07249983977300328,0.9999999999999035,4.0287367000764904e-05,3.251698829547804e-05,1.2094151761480808e-05
GradientDescent,8192,670,,0.1304602160837942,2.2294646313221875,7.249983977300421e-05,0.07249896294479208,0.9999999999999029,4.028801556553255e-05,3.251765244501284e-05,1.2094208952049732e-05
GradientDescent,8192,671,,0.13045496001595014,2.229392132885394,7.249896294479357e-05,0.07249808612303937,0.999999999999903,4.0288664252225176e-05,3.2518316628540264e-05,1.2094266139670518e-05
GradientDescent,8192,672,,0.13044970407523637,2.2293196353253295,7.249808612303993e-05,0.07249720930774538,0.999999999999903,4.0289312979160234e-05,3.251898084466859e-05,1.2094323324725849e-05
GradientDescent,8192,673,,0.13044444826166712,2.2292471386419854,7.24972093077432e-05,0.0724963324989102,0.999999999999903,4.028996161017002e-05,3.251964509499392e-05,1.2094380508555557e-05
GradientDescent,8192,674,,0.13043919257522107,2.229174642835358,7.249633249891296e-05,0.07249545569653414,0.999999999999903,4.029061041759117e-05,3.2520309377526825e-05,1.2094437688671007e-05
GradientDescent,8192,675,,0.13043393701590533,2.229102147905438,7.249545569653535e-05,0.0724945789006173,0.9999999999999031,4.02912591835573e-05,3.25209736944611e-05,1.209449486736916e-05
GradientDescent,8192,676,,0.1304286815837199,2.2290296538522214,7.249457890061743e-05,0.07249370211115992,0.9999999999999031,4.02919079625346e-05,3.2521638043607995e-05,1.2094552043501333e-05
GradientDescent,8192,677,,0.1304234262786541,2.2289571606756997,7.249370211116139e-05,0.07249282532816217,0.9999999999999027,4.029255683623899e-05,3.252230242716146e-05,1.209460921725882e-05
GradientDescent,8192,678,,0.13041817110071152,2.228884668375868,7.249282532816155e-05,0.07249194855162423,0.9999999999999031,4.029320569572394e-05,3.2522966843331055e-05,1.2094666389024359e-05
GradientDescent,8192,679,,0.13041291604988503,2.228812176952719,7.249194855162189e-05,0.0724910717815463,0.9999999999999037,4.029385462270755e-05,3.2523631292916244e-05,1.2094723558223517e-05
GradientDescent,8192,680,,0.13040766112617463,2.2287396864062465,7.249107178154695e-05,0.07249019501792858,0.9999999999999034,4.0294503562714216e-05,3.252429577611883e-05,1.2094780725047592e-05
GradientDescent,8192,681,,0.13040240632957678,2.2286671967364446,7.249019501792674e-05,0.07248931826077125,0.9999999999999033,4.029515254298674e-05,3.25249602921444e-05,1.2094837889687896e-05
GradientDescent,8192,682,,0.13039715166009502,2.228594707943306,7.248931826077277e-05,0.07248844151007451,0.9999999999999036,4.029580150904072e-05,3.2525624841991764e-05,1.209489505176141e-05
GradientDescent,8192,683,,0.13039189711772226,2.228522220026824,7.248844151007508e-05,0.07248756476583851,0.9999999999999031,4.029645054260744e-05,3.2526289425065735e-05,1.2094952212225235e-05
GradientDescent,8192,684,,0.13038664270245137,2.228449732986993,7.248756476583733e-05,0.07248668802806348,0.9999999999999033,4.0297099643695365e-05,3.252695404156814e-05,1.2095009369739117e-05
GradientDescent,8192,685,,0.13038138841428237,2.228377246823807,7.248668802806066e-05,0.07248581129674958,0.9999999999999036,4.029774875781789e-05,3.2527618690704424e-05,1.2095066525260163e-05
GradientDescent,8192,686,,0.1303761342532188,2.228304761537258,7.248581129675196e-05,0.07248493457189706,0.9999999999999037,4.029839785772608e-05,3.2528283373872074e-05,1.2095123677830976e-05
GradientDescent,8192,687,,0.13037088021925713,2.228232277127341,7.248493457189896e-05,0.07248405785350602,0.9999999999999034,4.0299046997914656e-05,3.252894809027658e-05,1.2095180829174516e-05
GradientDescent,8192,688,,0.13036562631238313,2.2281597935940485,7.248405785350635e-05,0.07248318114157672,0.9999999999999036,4.029969626014016e-05,3.252961283992047e-05,1.2095237977376104e-05
GradientDescent,8192,689,,0.130360372532611,2.228087310937375,7.248318114157673e-05,0.07248230443610933,0.9999999999999034,4.0300345426404484e-05,3.253027762280632e-05,1.209529512339288e-05
GradientDescent,8192,690,,0.13035511887992657,2.228014829157313,7.248230443611136e-05,0.07248142773710402,0.9999999999999031,4.030099471471387e-05,3.253094243933528e-05,1.2095352267416187e-05
GradientDescent,8192,691,,0.13034986535433335,2.227942348253857,7.248142773710057e-05,0.07248055104456098,0.9999999999999034,4.0301643988814985e-05,3.253160728891201e-05,1.2095409409062972e-05
GradientDescent,8192,692,,0.13034461195582425,2.2278698682269993,7.248055104456123e-05,0.07247967435848043,0.9999999999999033,4.030229333046877e-05,3.2532272172336345e-05,1.2095466548141634e-05
GradientDescent,8192,693,,0.13033935868439928,2.2277973890767355,7.247967435848264e-05,0.07247879767886255,0.9999999999999034,4.0302942685171055e-05,3.2532937088215564e-05,1.2095523685034973e-05
GradientDescent,8192,694,,0.13033410554005842,2.2277249108030577,7.247879767886696e-05,0.07247792100570749,0.9999999999999034,4.0303592052921524e-05,3.253360203814684e-05,1.2095580819934336e-05
GradientDescent,8192,695,,0.13032885252279103,2.2276524334059595,7.247792100570542e-05,0.0724770443390155,0.9999999999999035,4.030424151549538e-05,3.253426702133545e-05,1.2095637951882229e-05
GradientDescent,8192,696,,0.1303235996326042,2.227579956885434,7.247704433901754e-05,0.07247616767878672,0.9999999999999031,4.030489093660745e-05,3.2534932038182646e-05,1.209569508221884e-05
GradientDescent,8192,697,,0.13031834686949084,2.227507481241476,7.247616767878372e-05,0.07247529102502136,0.9999999999999037,4.030554042529144e-05,3.2535597087694235e-05,1.2095752209795184e-05
GradientDescent,8192,698,,0.1303130942334474,2.2274350064740793,7.247529102502035e-05,0.0724744143777196,0.9999999999999037,4.030618995429402e-05,3.253626217067016e-05,1.2095809335185562e-05
GradientDescent,8192,699,,0.1303078417244774,2.2273625325832356,7.247441437772076e-05,0.07247353773688166,0.9999999999999035,4.030683946909346e-05,3.253692728771111e-05,1.209586645819836e-05
GradientDescent,8192,700,,0.13030258934257377,2.22729005956894,7.247353773688354e-05,0.0724726611025077,0.9999999999999034,4.030748905147704e-05,3.2537592437424094e-05,1.2095923578833448e-05
GradientDescent,8192,701,,0.1302973370877294,2.2272175874311846,7.247266110250834e-05,0.07247178447459789,0.9999999999999034,4.030813870145325e-05,3.2538257621207284e-05,1.2095980697856648e-05
GradientDescent,8192,702,,0.13029208495994782,2.227145116169965,7.247178447459943e-05,0.07247090785315245,0.9999999999999035,4.030878833723194e-05,3.25389228374682e-05,1.2096037813735927e-05
GradientDescent,8192,703,,0.13028683295922905,2.227072645785273,7.24709078531519e-05,0.07247003123817158,0.9999999999999041,4.03094379860757e-05,3.253958808780448e-05,1.2096094927428586e-05
GradientDescent,8192,704,,0.13028158108556598,2.227000176277103,7.247003123817419e-05,0.07246915462965545,0.9999999999999039,4.031008770252101e-05,3.254025337122176e-05,1.2096152039125998e-05
GradientDescent,8192,705,,0.13027632933895505,2.226927707645448,7.246915462965445e-05,0.07246827802760425,0.9999999999999037,4.031073745930684e-05,3.25409186883208e-05,1.209620914825355e-05
GradientDescent,8192,706,,0.13027107771939983,2.226855239890302,7.246827802760677e-05,0.07246740143201816,0.9999999999999037,4.031138720189608e-05,3.254158403850596e-05,1.2096266255385602e-05
GradientDescent,8192,707,,0.13026582622688965,2.2267827730116587,7.246740143201995e-05,0.07246652484289738,0.9999999999999039,4.03120370393708e-05,3.254224942197918e-05,1.2096323359947528e-05
GradientDescent,8192,708,,0.13026057486142806,2.226710307009511,7.246652484290036e-05,0.07246564826024211,0.9999999999999037,4.0312686862652675e-05,3.254291483934132e-05,1.209638046213069e-05
GradientDescent,8192,709,,0.1302553236230115,2.2266378418838526,7.246564826024433e-05,0.07246477168405252,0.9999999999999034,4.0313336726284786e-05,3.2543580289797256e-05,1.2096437562317972e-05
GradientDescent,8192,710,,0.13025007251163645,2.226565377634678,7.246477168405248e-05,0.07246389511432881,0.9999999999999039,4.0313986630271215e-05,3.254424577334952e-05,1.2096494659934727e-05
GradientDescent,8192,711,,0.13024482152730288,2.22649291426198,7.246389511432899e-05,0.07246301855107116,0.9999999999999035,4.031463654733994e-05,3.254491129079844e-05,1.2096551755363834e-05
GradientDescent,8192,712,,0.1302395706700037,2.2264204517657515,7.246301855107188e-05,0.07246214199427978,0.9999999999999039,4.0315286532045035e-05,3.254557684154829e-05,1.2096608848413657e-05
GradientDescent,8192,713,,0.13023431993973889,2.226347990145987,7.246214199427862e-05,0.07246126544395483,0.9999999999999037,4.031593652983839e-05,3.2546242425601616e-05,1.2096665939275577e-05
GradientDescent,8192,714,,0.1302290693365049,2.2262755294026797,7.246126544395265e-05,0.0724603889000965,0.9999999999999037,4.031658656799907e-05,3.254690804316045e-05,1.2096723027949472e-05
GradientDescent,8192,715,,0.13022381886030177,2.2262030695358233,7.246038890009576e-05,0.07245951236270501,0.9999999999999039,4.031723661925068e-05,3.254757369402789e-05,1.2096780113860647e-05
GradientDescent,8192,716,,0.13021856851112945,2.2261306105454115,7.245951236270771e-05,0.07245863583178053,0.9999999999999036,4.031788668359288e-05,3.254823937820651e-05,1.2096837197775048e-05
GradientDescent,8192,717,,0.1302133182889773,2.2260581524314373,7.245863583177771e-05,0.07245775930732326,0.999999999999904,4.0318536842873455e-05,3.254890509609783e-05,1.2096894279117981e-05
GradientDescent,8192,718,,0.1302080681938489,2.2259856951938946,7.245775930732306e-05,0.07245688278933335,0.9999999999999035,4.0319186987970095e-05,3.254957084730547e-05,1.2096951358846949e-05
GradientDescent,8192,719,,0.13020281822574065,2.225913238832777,7.245688278933065e-05,0.07245600627781103,0.9999999999999039,4.031983717344787e-05,3.255023663183199e-05,1.2097008435621132e-05
GradientDescent,8192,720,,0.13019756838464902,2.2258407833480773,7.245600627780686e-05,0.07245512977275645,0.9999999999999039,4.032048739931087e-05,3.255090245007898e-05,1.209706551058957e-05
GradientDescent,8192,721,,0.13019231867057401,2.22576832873979,7.245512977275745e-05,0.07245425327416988,0.999999999999904,4.032113763827608e-05,3.255156830145048e-05,1.2097122582219872e-05
GradientDescent,8192,722,,0.13018706908350852,2.225695875007909,7.245425327416837e-05,0.07245337678205141,0.9999999999999042,4.0321787944919566e-05,3.2552234185949044e-05,1.2097179652810318e-05
GradientDescent,8192,723,,0.13018181962345254,2.225623422152427,7.245337678204882e-05,0.07245250029640128,0.9999999999999043,4.032243826467123e-05,3.2552900104574835e-05,1.2097236720445427e-05
GradientDescent,8192,724,,0.13017657029040608,2.225550970173337,7.245250029639962e-05,0.07245162381721969,0.999999999999904,4.032308859753075e-05,3.2553566056532375e-05,1.2097293785699669e-05
GradientDescent,8192,725,,0.13017132108436202,2.225478519070634,7.245162381722105e-05,0.07245074734450681,0.9999999999999036,4.03237389980808e-05,3.255423204142515e-05,1.2097350848764457e-05
GradientDescent,8192,726,,0.13016607200532038,2.2254060688443102,7.245074734450637e-05,0.07244987087826282,0.9999999999999035,4.0324389411744674e-05,3.25548980602534e-05,1.2097407909639663e-05
GradientDescent,8192,727,,0.13016082305327759,2.2253336194943603,7.244987087826037e-05,0.07244899441848791,0.9999999999999036,4.032503986581576e-05,3.255556411222155e-05,1.2097464968325164e-05
GradientDescent,8192,728,,0.1301555742282372,2.225261171020777,7.24489944184851e-05,0.07244811796518229,0.9999999999999035,4.032569030570853e-05,3.255623019793081e-05,1.209752202443773e-05
GradientDescent,8192,729,,0.13015032553018857,2.2251887234235546,7.244811796518427e-05,0.07244724151834613,0.9999999999999039,4.032634084060187e-05,3.255689631658553e-05,1.2097579078360328e-05
GradientDescent,8192,730,,0.13014507695913524,2.2251162767026855,7.244724151834245e-05,0.07244636507797961,0.9999999999999035,4.032699136132067e-05,3.255756246938566e-05,1.209763613009283e-05
GradientDescent,8192,731,,0.13013982851506656,2.2250438308581644,7.244636507798143e-05,0.07244548864408294,0.9999999999999045,4.032764197705262e-05,3.255822865513639e-05,1.2097693179251996e-05
GradientDescent,8192,732,,0.13013458019798607,2.224971385889984,7.244548864408144e-05,0.07244461221665632,0.9999999999999043,4.03282925786138e-05,3.2558894874638565e-05,1.2097750226029242e-05
GradientDescent,8192,733,,0.13012933200789378,2.224898941798139,7.244461221665571e-05,0.0724437357956999,0.9999999999999035,4.0328943193299793e-05,3.255956112709643e-05,1.2097807270999127e-05
GradientDescent,8192,734,,0.13012408394478614,2.224826498582621,7.24437357956976e-05,0.07244285938121389,0.999999999999904,4.032959384841168e-05,3.25602274139097e-05,1.2097864313395278e-05
GradientDescent,8192,735,,0.13011883600865248,2.224754056243426,7.244285938121323e-05,0.07244198297319851,0.9999999999999043,4.033024459855858e-05,3.256089373328459e-05,1.2097921353025984e-05
GradientDescent,8192,736,,0.13011358819950347,2.2246816147805464,7.244198297319882e-05,0.0724411065716539,0.999999999999904,4.033089527993173e-05,3.2561560086221646e-05,1.2097978391040517e-05
GradientDescent,8192,737,,0.1301083405173249,2.224609174193974,7.244110657165255e-05,0.07244023017658023,0.9999999999999042,4.0331546083650566e-05,3.256222647372155e-05,1.2098035426864062e-05
GradientDescent,8192,738,,0.13010309296211675,2.224536734483705,7.244023017658094e-05,0.07243935378797778,0.9999999999999039,4.033219690050915e-05,3.256289289339149e-05,1.2098092459347038e-05
GradientDescent,8192,739,,0.1300978455338826,2.224464295649731,7.243935378797881e-05,0.07243847740584664,0.9999999999999036,4.033284770320025e-05,3.256355934742986e-05,1.2098149490788202e-05
GradientDescent,8192,740,,0.13009259823261532,2.224391857692048,7.243847740584641e-05,0.07243760103018707,0.9999999999999041,4.0333498573643194e-05,3.2564225834042576e-05,1.209820651888852e-05
GradientDescent,8192,741,,0.13008735105831493,2.2243194206106467,7.243760103018735e-05,0.07243672466099922,0.999999999999904,4.033414945722825e-05,3.256489235502892e-05,1.2098263545180472e-05
GradientDescent,8192,742,,0.1300821040109743,2.2242469844055224,7.243672466100286e-05,0.07243584829828327,0.9999999999999043,4.0334800408575516e-05,3.256555890899403e-05,1.2098320569472367e-05
GradientDescent,8192,743,,0.13007685709059702,2.2241745490766687,7.243584829828117e-05,0.07243497194203945,0.999999999999904,4.033545134575956e-05,3.256622549633972e-05,1.2098377590806153e-05
GradientDescent,8192,744,,0.13007161029717595,2.2241021146240776,7.243497194204028e-05,0.07243409559226793,0.999999999999904,4.03361023507129e-05,3.2566892117867216e-05,1.2098434609948028e-05
GradientDescent,8192,745,,0.13006636363070756,2.2240296810477442,7.243409559226718e-05,0.07243321924896891,0.9999999999999037,4.0336753396130524e-05,3.2567558772181494e-05,1.2098491626897864e-05
GradientDescent,8192,746,,0.13006111709119894,2.2239572483476615,7.243321924896798e-05,0.07243234291214252,0.9999999999999034,4.033740440007265e-05,3.256822546028343e-05,1.2098548642038727e-05
GradientDescent,8192,747,,0.1300558706786359,2.2238848165238227,7.243234291214306e-05,0.07243146658178902,0.9999999999999034,4.03380555264245e-05,3.256889218197595e-05,1.209860565422093e-05
GradientDescent,8192,748,,0.13005062439302195,2.223812385576222,7.243146658178896e-05,0.07243059025790854,0.9999999999999037,4.033870663861926e-05,3.2569558936862274e-05,1.2098662664593905e-05
GradientDescent,8192,749,,0.13004537823435003,2.2237399555048527,7.243059025791147e-05,0.07242971394050132,0.9999999999999043,4.0339357818605984e-05,3.2570225725544025e-05,1.2098719672199538e-05
GradientDescent,8192,750,,0.13004013220262367,2.2236675263097077,7.242971394050033e-05,0.07242883762956755,0.9999999999999043,4.034000898443608e-05,3.2570892547824124e-05,1.2098776677420884e-05
GradientDescent,8192,751,,0.13003488629783932,2.2235950979907813,7.242883762956779e-05,0.07242796132510736,0.9999999999999043,4.0340660190745107e-05,3.257155940330573e-05,1.2098833681024233e-05
GradientDescent,8192,752,,0.13002964051999344,2.2235226705480673,7.242796132510859e-05,0.07242708502712099,0.9999999999999043,4.034131143753715e-05,3.257222629219112e-05,1.209889068166823e-05
GradientDescent,8192,753,,0.1300243948690789,2.223450243981558,7.242708502712103e-05,0.07242620873560862,0.999999999999904,4.034196275213864e-05,3.257289321508202e-05,1.2098947680119153e-05
GradientDescent,8192,754,,0.13001914934510284,2.2233778182912487,7.242620873561212e-05,0.07242533245057042,0.999999999999904,4.034261402526432e-05,3.257356017098242e-05,1.2099004676568493e-05
GradientDescent,8192,755,,0.13001390394805457,2.223305393477131,7.242533245056833e-05,0.0724244561720066,0.9999999999999043,4.034326539352777e-05,3.2574227160893533e-05,1.2099061670441286e-05
GradientDescent,8192,756,,0.1300086586779341,2.2232329695392,7.242445617200624e-05,0.07242357989991734,0.9999999999999043,4.0343916774964974e-05,3.257489418401902e-05,1.2099118662120627e-05
GradientDescent,8192,757,,0.13000341353474143,2.223160546477448,7.24235798999201e-05,0.07242270363430281,0.9999999999999043,4.034456816957562e-05,3.257556124076093e-05,1.2099175651606388e-05
GradientDescent,8192,758,,0.1299981685184659,2.2230881242918703,7.242270363430259e-05,0.07242182737516324,0.999999999999904,4.0345219659342935e-05,3.257622833072234e-05,1.2099232638323577e-05
GradientDescent,8192,759,,0.12999292362911463,2.2230157029824587,7.242182737516494e-05,0.07242095112249877,0.9999999999999044,4.034587110763509e-05,3.2576895454704846e-05,1.209928962342179e-05
GradientDescent,8192,760,,0.1299876788666876,2.222943282549207,7.24209511224959e-05,0.07242007487630961,0.9999999999999043,4.0346522569103044e-05,3.257756261211178e-05,1.2099346605942795e-05
GradientDescent,8192,761,,0.12998243423117062,2.2228708629921097,7.24200748763114e-05,0.07241919863659597,0.9999999999999044,4.0347174153071126e-05,3.257822980274594e-05,1.2099403585694819e-05
GradientDescent,8192,762,,0.12997718972256367,2.2227984443111595,7.241919863659773e-05,0.07241832240335802,0.9999999999999041,4.034782575022762e-05,3.2578897027209225e-05,1.2099460563635866e-05
GradientDescent,8192,763,,0.1299719453408703,2.2227260265063498,7.24183224033569e-05,0.07241744617659594,0.9999999999999045,4.0348477333238854e-05,3.257956428530446e-05,1.209951753919093e-05
GradientDescent,8192,764,,0.12996670108609054,2.222653609577675,7.241744617659645e-05,0.07241656995630995,0.9999999999999041,4.034912892943456e-05,3.258023157643485e-05,1.2099574512168239e-05
GradientDescent,8192,765,,0.12996145695821015,2.2225811935251283,7.241656995631307e-05,0.07241569374250018,0.9999999999999037,4.034978064815672e-05,3.2580898901601926e-05,1.209963148352584e-05
GradientDescent,8192,766,,0.12995621295723625,2.2225087783487023,7.241569374250175e-05,0.07241481753516685,0.9999999999999042,4.035043232540262e-05,3.2581566260408726e-05,1.2099688452113794e-05
GradientDescent,8192,767,,0.12995096908316528,2.222436364048392,7.241481753516825e-05,0.07241394133431016,0.9999999999999044,4.0351084043176465e-05,3.25822336522584e-05,1.2099745418315234e-05
GradientDescent,8192,768,,0.12994572533598303,2.22236395062419,7.241394133431048e-05,0.0724130651399303,0.9999999999999044,4.0351735883498974e-05,3.258290107795274e-05,1.2099802382130025e-05
GradientDescent,8192,769,,0.12994048171570727,2.2222915380760906,7.24130651399266e-05,0.07241218895202743,0.9999999999999044,4.035238760032766e-05,3.2583568537094725e-05,1.2099859344132973e-05
GradientDescent,8192,770,,0.12993523822232378,2.2222191264040863,7.24121889520294e-05,0.07241131277060178,0.9999999999999042,4.035303943970991e-05,3.25842360300866e-05,1.2099916303174076e-05
GradientDescent,8192,771,,0.12992999485582546,2.222146715608172,7.241131277060584e-05,0.07241043659565347,0.9999999999999044,4.0353691346978687e-05,3.258490355613161e-05,1.209997326097804e-05
GradientDescent,8192,772,,0.12992475161622297,2.222074305688339,7.241043659565483e-05,0.07240956042718279,0.9999999999999045,4.0354343185426054e-05,3.2585571116431376e-05,1.2100030214861623e-05
GradientDescent,8192,773,,0.1299195085035021,2.222001896644583,7.240956042718589e-05,0.07240868426518983,0.9999999999999045,4.0354995146449214e-05,3.258623870978943e-05,1.2100087167891125e-05
GradientDescent,8192,774,,0.12991426551766638,2.2219294884768965,7.240868426518889e-05,0.07240780810967484,0.9999999999999045,4.035564709333802e-05,3.258690633700776e-05,1.2100144117766577e-05
GradientDescent,8192,775,,0.12990902265870874,2.221857081185274,7.240780810967783e-05,0.07240693196063798,0.9999999999999047,4.0356299108127566e-05,3.25875739972895e-05,1.2100201065829436e-05
GradientDescent,8192,776,,0.1299037799266327,2.2217846747697076,7.240693196063702e-05,0.07240605581807945,0.9999999999999047,4.035695110878324e-05,3.2588241691836426e-05,1.2100258011312943e-05
GradientDescent,8192,777,,0.1298985373214312,2.221712269230192,7.240605581807476e-05,0.07240517968199943,0.9999999999999045,4.0357603177346754e-05,3.2588909419451935e-05,1.2100314954600285e-05
GradientDescent,8192,778,,0.1298932948431042,2.22163986456672,7.240517968199972e-05,0.07240430355239812,0.9999999999999042,4.035825525912679e-05,3.258957718093808e-05,1.210037189549967e-05
GradientDescent,8192,779,,0.1298880524916517,2.2215674607792857,7.240430355239731e-05,0.07240342742927568,0.9999999999999047,4.035890735412305e-05,3.259024497589772e-05,1.2100428834394301e-05
GradientDescent,8192,780,,0.12988281026706305,2.2214950578678825,7.24034274292763e-05,0.07240255131263235,0.9999999999999045,4.035955954439157e-05,3.259091280433342e-05,1.21004857703257e-05
GradientDescent,8192,781,,0.12987756816934537,2.2214226558325043,7.240255131263303e-05,0.07240167520246825,0.9999999999999042,4.036021169317918e-05,3.259158066624775e-05,1.2100542704827109e-05
GradientDescent,8192,782,,0.129872326198488,2.2213502546731427,7.240167520247084e-05,0.07240079909878361,0.9999999999999044,4.0360863937248374e-05,3.259224856264285e-05,1.2100599636556693e-05
GradientDescent,8192,783,,0.12986708435449446,2.2212778543897937,7.240079909878702e-05,0.07239992300157863,0.9999999999999044,4.036151616719036e-05,3.259291649152224e-05,1.2100656565705979e-05
GradientDescent,8192,784,,0.12986184263735767,2.22120545498245,7.239992300157796e-05,0.07239904691085347,0.9999999999999045,4.0362168465070016e-05,3.259358445448777e-05,1.2100713493041556e-05
GradientDescent,8192,785,,0.12985660104707764,2.2211330564511047,7.239904691085203e-05,0.07239817082660835,0.9999999999999043,4.036282077618059e-05,3.259425245094229e-05,1.210077041760489e-05
GradientDescent,8192,786,,0.1298513595836508,2.2210606587957518,7.239817082660798e-05,0.0723972947488434,0.9999999999999039,4.036347312788052e-05,3.259492048108832e-05,1.2100827340545952e-05
GradientDescent,8192,787,,0.12984611824707715,2.2209882620163843,7.239729474884426e-05,0.07239641867755886,0.9999999999999045,4.036412549281406e-05,3.259558854492845e-05,1.210088426071451e-05
GradientDescent,8192,788,,0.1298408770373496,2.2209158661129966,7.239641867755931e-05,0.07239554261275491,0.9999999999999043,4.0364777925702807e-05,3.25962566420654e-05,1.2100941178493791e-05
GradientDescent,8192,789,,0.12983563595447523,2.220843471085581,7.239554261275234e-05,0.07239466655443172,0.999999999999904,4.036543031710706e-05,3.259692477330153e-05,1.2100998094267052e-05
GradientDescent,8192,790,,0.12983039499843985,2.220771076934132,7.239466655443303e-05,0.0723937905025895,0.9999999999999049,4.036608283119665e-05,3.259759293783966e-05,1.2101055007459084e-05
GradientDescent,8192,791,,0.12982515416924345,2.220698683658643,7.239379050259343e-05,0.07239291445722842,0.9999999999999046,4.036673535853186e-05,3.2598261135882295e-05,1.2101111918453144e-05
GradientDescent,8192,792,,0.1298199134668896,2.2206262912591077,7.239291445722764e-05,0.07239203841834868,0.999999999999904,4.0367387871747024e-05,3.2598929367631994e-05,1.2101168827249105e-05
GradientDescent,8192,793,,0.12981467289137116,2.220553899735519,7.239203841834893e-05,0.07239116238595045,0.9999999999999049,4.0368040452936835e-05,3.259959763309137e-05,1.2101225733846842e-05
GradientDescent,8192,794,,0.12980943244268817,2.220481509087871,7.239116238595072e-05,0.07239028636003393,0.9999999999999049,4.036869304737467e-05,3.2600265932263006e-05,1.2101282637862821e-05
GradientDescent,8192,795,,0.12980419212083705,2.2204091193161566,7.23902863600336e-05,0.07238941034059936,0.9999999999999045,4.0369345682428895e-05,3.260093426494953e-05,1.2101339539105185e-05
GradientDescent,8192,796,,0.1297989519258107,2.2203367304203696,7.238941034059949e-05,0.07238853432764683,0.9999999999999043,4.036999838547342e-05,3.2601602631353505e-05,1.2101396439107468e-05
GradientDescent,8192,797,,0.1297937118576198,2.2202643424005046,7.238853432764734e-05,0.07238765832117659,0.9999999999999045,4.0370651019662286e-05,3.260227103087753e-05,1.2101453336144175e-05
GradientDescent,8192,798,,0.12978847191624654,2.2201919552565537,7.238765832117517e-05,0.0723867823211888,0.9999999999999043,4.0371303803957946e-05,3.2602939464724206e-05,1.2101510231365435e-05
GradientDescent,8192,799,,0.12978323210169807,2.22011956898851,7.238678232118919e-05,0.07238590632768366,0.9999999999999046,4.0371956546770446e-05,3.260360793229616e-05,1.2101567123812553e-05
GradientDescent,8192,800,,0.12977799241396726,2.2200471835963693,7.238590632768255e-05,0.07238503034066136,0.9999999999999052,4.037260935758748e-05,3.260427643259585e-05,1.2101624014060537e-05
GradientDescent,8192,801,,0.12977275285305057,2.2199747990801235,7.238503034066528e-05,0.0723841543601221,0.9999999999999049,4.037326220904227e-05,3.260494496722603e-05,1.2101680901917538e-05
GradientDescent,8192,802,,0.12976751341895154,2.2199024154397664,7.238415436012344e-05,0.07238327838606605,0.9999999999999049,4.0373915046386076e-05,3.260561353538923e-05,1.210173778776687e-05
GradientDescent,8192,803,,0.12976227411166663,2.2198300326752918,7.238327838606594e-05,0.0723824024184934,0.999999999999905,4.037456792436924e-05,3.2606282137088024e-05,1.2101794671033236e-05
GradientDescent,8192,804,,0.12975703493118873,2.219757650786692,7.238240241849515e-05,0.07238152645740434,0.999999999999905,4.037522087037449e-05,3.260695077292515e-05,1.2101851552291683e-05
GradientDescent,8192,805,,0.12975179587751784,2.2196852697739624,7.238152645740427e-05,0.07238065050279904,0.9999999999999052,4.0375873829650896e-05,3.26076194417029e-05,1.2101908431158629e-05
GradientDescent,8192,806,,0.1297465569506504,2.2196128896370952,7.238065050280053e-05,0.07237977455467774,0.9999999999999049,4.0376526829579e-05,3.26082881446242e-05,1.2101965307250473e-05
GradientDescent,8192,807,,0.12974131815058643,2.219540510376085,7.237977455467725e-05,0.07237889861304057,0.9999999999999049,4.0377179842780957e-05,3.2608956880891394e-05,1.2102022181717479e-05
GradientDescent,8192,808,,0.12973607947732235,2.219468131990924,7.23788986130412e-05,0.07237802267788776,0.9999999999999051,4.037783289663952e-05,3.260962565110728e-05,1.2102079053409117e-05
GradientDescent,8192,809,,0.12973084093085463,2.219395754481607,7.237802267788826e-05,0.07237714674921948,0.9999999999999044,4.037848599115881e-05,3.261029445467424e-05,1.2102135922900458e-05
GradientDescent,8192,810,,0.12972560251118326,2.219323377848127,7.237714674921894e-05,0.0723762708270359,0.9999999999999044,4.037913909895767e-05,3.261096329199502e-05,1.2102192790383117e-05
GradientDescent,8192,811,,0.12972036421829758,2.219251002090477,7.237627082703486e-05,0.07237539491133724,0.999999999999905,4.0379792302194915e-05,3.261163216347242e-05,1.2102249655281745e-05
GradientDescent,8192,812,,0.12971512605220825,2.2191786272086516,7.237539491133991e-05,0.07237451900212367,0.9999999999999047,4.038044543655863e-05,3.2612301067908456e-05,1.2102306517787945e-05
GradientDescent,8192,813,,0.12970988801290462,2.2191062532026433,7.237451900212621e-05,0.07237364309939537,0.9999999999999044,4.038109866636676e-05,3.261297000650632e-05,1.2102363378476832e-05
GradientDescent,8192,814,,0.12970465010038312,2.219033880072446,7.237364309939155e-05,0.07237276720315255,0.999999999999905,4.038175193685288e-05,3.261363897866832e-05,1.2102420236197784e-05
GradientDescent,8192,815,,0.12969941231464732,2.2189615078180536,7.237276720315018e-05,0.07237189131339537,0.9999999999999046,4.038240519323952e-05,3.261430798439702e-05,1.2102477092292924e-05
GradientDescent,8192,816,,0.12969417465569366,2.218889136439459,7.237189131339703e-05,0.07237101543012406,0.999999999999905,4.038305849030575e-05,3.261497702389516e-05,1.2102533945419853e-05
GradientDescent,8192,817,,0.12968893712351148,2.2188167659366567,7.237101543012592e-05,0.07237013955333876,0.999999999999905,4.038371188284171e-05,3.2615646096965193e-05,1.2102590796728964e-05
GradientDescent,8192,818,,0.12968369971810434,2.2187443963096394,7.237013955333926e-05,0.0723692636830397,0.9999999999999051,4.0384365261283904e-05,3.261631520380986e-05,1.2102647645453106e-05
GradientDescent,8192,819,,0.12967846243946868,2.2186720275584,7.236926368303874e-05,0.07236838781922703,0.999999999999905,4.038501868041805e-05,3.2616984344631915e-05,1.2102704492167424e-05
GradientDescent,8192,820,,0.12967322528760805,2.2185996596829343,7.236838781922955e-05,0.07236751196190096,0.999999999999905,4.0385672085455614e-05,3.2617653518433206e-05,1.2102761336296507e-05
GradientDescent,8192,821,,0.12966798826251535,2.2185272926832336,7.236751196190003e-05,0.07236663611106167,0.9999999999999046,4.038632555858416e-05,3.26183227266174e-05,1.2102818178223746e-05
GradientDescent,8192,822,,0.12966275136418348,2.218454926559292,7.236663611106155e-05,0.07236576026670935,0.9999999999999047,4.038697909981225e-05,3.261899196838649e-05,1.2102875017949015e-05
GradientDescent,8192,823,,0.12965751459260888,2.2183825613111035,7.236576026670884e-05,0.07236488442884419,0.9999999999999047,4.038763268174877e-05,3.261966124354289e-05,1.2102931855280414e-05
GradientDescent,8192,824,,0.12965227794780576,2.2183101969386616,7.236488442884487e-05,0.07236400859746638,0.9999999999999046,4.038828616739408e-05,3.262033055248953e-05,1.2102988690217814e-05
GradientDescent,8192,825,,0.12964704142974925,2.2182378334419592,7.236400859746375e-05,0.07236313277257608,0.9999999999999047,4.038893985815063e-05,3.2620999895429214e-05,1.210304552314463e-05
GradientDescent,8192,826,,0.12964180503845713,2.2181654708209906,7.236313277257242e-05,0.07236225695417353,0.9999999999999047,4.0389593425213505e-05,3.262166927176398e-05,1.2103102353293627e-05
GradientDescent,8192,827,,0.1296365687739116,2.218093109075748,7.236225695416958e-05,0.07236138114225887,0.9999999999999051,4.0390247142601e-05,3.2622338682297214e-05,1.2103159181623565e-05
GradientDescent,8192,828,,0.1296313326361198,2.2180207482062273,7.236138114226278e-05,0.0723605053368323,0.9999999999999046,4.039090081849867e-05,3.2623008125630095e-05,1.2103216007558983e-05
GradientDescent,8192,829,,0.12962609662507107,2.21794838821242,7.236050533683357e-05,0.07235962953789403,0.9999999999999051,4.039155458992882e-05,3.262367760356707e-05,1.2103272830907959e-05
GradientDescent,8192,830,,0.12962086074076895,2.2178760290943202,7.235962953789393e-05,0.07235875374544422,0.9999999999999053,4.039220834727483e-05,3.262434711470929e-05,1.2103329652245714e-05
GradientDescent,8192,831,,0.12961562498321344,2.2178036708519215,7.23587537454433e-05,0.07235787795948308,0.9999999999999051,4.039286211794048e-05,3.262501665986021e-05,1.2103386470996763e-05
GradientDescent,8192,832,,0.12961038935239744,2.217731313485217,7.23578779594824e-05,0.07235700218001077,0.9999999999999055,4.0393515956744686e-05,3.262568623882224e-05,1.2103443287736338e-05
GradientDescent,8192,833,,0.12960515384831384,2.2176589569942013,7.235700218001296e-05,0.07235612640702752,0.9999999999999049,4.0394169863696e-05,3.2626355850997245e-05,1.2103500101888938e-05
GradientDescent,8192,834,,0.12959991847096974,2.2175866013788665,7.235612640702891e-05,0.07235525064053347,0.9999999999999049,4.039482372915567e-05,3.262702549758928e-05,1.2103556914029811e-05
GradientDescent,8192,835,,0.12959468322035805,2.2175142466392073,7.235525064053068e-05,0.07235437488052882,0.9999999999999049,4.039547766276628e-05,3.262769517739949e-05,1.2103613723967043e-05
GradientDescent,8192,836,,0.1295894480964752,2.217441892775217,7.235437488052924e-05,0.07235349912701378,0.9999999999999052,4.0396131637122336e-05,3.26283648910312e-05,1.2103670531125098e-05
GradientDescent,8192,837,,0.12958421309932122,2.217369539786888,7.235349912701334e-05,0.07235262337998852,0.9999999999999054,4.0396785624812815e-05,3.2629034638687306e-05,1.2103727336271045e-05
GradientDescent,8192,838,,0.12957897822889253,2.217297187674215,7.235262337998838e-05,0.07235174763945325,0.9999999999999051,4.0397439653253676e-05,3.2629704419969894e-05,1.2103784138829343e-05
GradientDescent,8192,839,,0.12957374348518558,2.2172248364371923,7.235174763945204e-05,0.07235087190540809,0.9999999999999051,4.039809372244905e-05,3.2630374234480974e-05,1.210384093995071e-05
GradientDescent,8192,840,,0.12956850886820037,2.2171524860758116,7.235087190540817e-05,0.07234999617785332,0.9999999999999054,4.039874780498458e-05,3.263104408342483e-05,1.2103897737716933e-05
GradientDescent,8192,841,,0.12956327437793336,2.217080136590067,7.234999617785284e-05,0.07234912045678907,0.9999999999999051,4.039940192827955e-05,3.263171396600298e-05,1.2103954533662348e-05
GradientDescent,8192,842,,0.12955804001438098,2.2170077879799526,7.234912045679063e-05,0.07234824474221556,0.9999999999999049,4.040005609233809e-05,3.26323838820177e-05,1.2104011327019581e-05
GradientDescent,8192,843,,0.1295528057775397,2.2169354402454613,7.234824474221863e-05,0.07234736903413291,0.9999999999999051,4.0400710297164333e-05,3.263305383207249e-05,1.2104068118939403e-05
GradientDescent,8192,844,,0.12954757166741304,2.216863093386587,7.234736903413386e-05,0.07234649333254138,0.9999999999999052,4.0401364487916596e-05,3.2633723815769356e-05,1.2104124907695332e-05
GradientDescent,8192,845,,0.12954233768399037,2.2167907474033233,7.234649333253909e-05,0.07234561763744114,0.9999999999999054,4.040201877428619e-05,3.263439383311089e-05,1.2104181694246313e-05
GradientDescent,8192,846,,0.1295371038272788,2.2167184022956627,7.234561763743882e-05,0.07234474194883235,0.9999999999999051,4.040267301916053e-05,3.263506388470068e-05,1.2104238478975877e-05
GradientDescent,8192,847,,0.12953187009726408,2.2166460580636,7.234474194883139e-05,0.07234386626671524,0.9999999999999051,4.040332738708778e-05,3.263573396953971e-05,1.2104295260732943e-05
GradientDescent,8192,848,,0.12952663649395335,2.2165737147071285,7.234386626671444e-05,0.07234299059108996,0.9999999999999051,4.040398171352139e-05,3.263640408823154e-05,1.2104352040668335e-05
GradientDescent,8192,849,,0.1295214030173395,2.2165013722262414,7.234299059108536e-05,0.0723421149219567,0.9999999999999052,4.0404636108165946e-05,3.263707424077881e-05,1.2104408818398278e-05
GradientDescent,8192,850,,0.12951616966742252,2.216429030620932,7.234211492195518e-05,0.0723412392593157,0.9999999999999055,4.040529051617092e-05,3.2637744427184114e-05,1.2104465593155304e-05
GradientDescent,8192,851,,0.1295109364441953,2.216356689891195,7.234123925931462e-05,0.07234036360316709,0.9999999999999047,4.040594499239732e-05,3.2638414647049364e-05,1.210452236609028e-05
GradientDescent,8192,852,,0.12950570334766143,2.2162843500370224,7.234036360316606e-05,0.07233948795351107,0.9999999999999051,4.0406599454558426e-05,3.2639084901178593e-05,1.2104579136819418e-05
GradientDescent,8192,853,,0.1295004703778173,2.2162120110584085,7.233948795351069e-05,0.07233861231034783,0.9999999999999052,4.040725395751524e-05,3.263975518877298e-05,1.2104635905150748e-05
GradientDescent,8192,854,,0.1294952375346594,2.2161396729553466,7.233861231034956e-05,0.07233773667367754,0.9999999999999052,4.040790850127191e-05,3.2640425510235844e-05,1.2104692671275982e-05
GradientDescent,8192,855,,0.12949000481818063,2.21606733572783,7.233773667367574e-05,0.07233686104350043,0.999999999999905,4.040856311326764e-05,3.264109586556982e-05,1.2104749434811297e-05
GradientDescent,8192,856,,0.1294847722283845,2.2159949993758525,7.233686104350114e-05,0.07233598541981665,0.9999999999999055,4.040921771120242e-05,3.264176625477752e-05,1.2104806196332101e-05
GradientDescent,8192,857,,0.1294795397652675,2.2159226638994087,7.233598541981587e-05,0.0723351098026264,0.9999999999999053,4.040987234994612e-05,3.264243667705995e-05,1.210486295526272e-05
GradientDescent,8192,858,,0.12947430742882604,2.21585032929849,7.233510980262766e-05,0.07233423419192987,0.9999999999999052,4.041052702950288e-05,3.264310713422332e-05,1.2104919712178573e-05
GradientDescent,8192,859,,0.1294690752190566,2.2157779955730916,7.23342341919307e-05,0.07233335858772724,0.9999999999999056,4.041118174987683e-05,3.264377762426622e-05,1.2104976466695833e-05
GradientDescent,8192,860,,0.1294638431359627,2.2157056627232063,7.233335858772776e-05,0.07233248299001872,0.9999999999999053,4.041183645619084e-05,3.2644448148594095e-05,1.21050332186225e-05
GradientDescent,8192,861,,0.12945861117953372,2.2156333307488274,7.233248299001805e-05,0.07233160739880445,0.9999999999999052,4.0412491258207154e-05,3.264511870680876e-05,1.2105089968917743e-05
GradientDescent,8192,862,,0.12945337934976964,2.2155609996499495,7.233160739880196e-05,0.07233073181408467,0.9999999999999053,4.041314607361022e-05,3.264578929831154e-05,1.2105146716238415e-05
GradientDescent,8192,863,,0.129448147646674,2.2154886694265645,7.233073181408678e-05,0.07232985623585952,0.9999999999999052,4.041380087495577e-05,3.264645992430762e-05,1.210520346173555e-05
GradientDescent,8192,864,,0.12944291607023262,2.2154163400786677,7.232985623586333e-05,0.07232898066412924,0.9999999999999052,4.041445579946443e-05,3.264713058339657e-05,1.2105260204449699e-05
GradientDescent,8192,865,,0.12943768462045258,2.2153440116062506,7.232898066413006e-05,0.07232810509889397,0.9999999999999053,4.041511068247656e-05,3.264780127718454e-05,1.2105316945340062e-05
GradientDescent,8192,866,,0.12943245329733033,2.2152716840093087,7.232810509889794e-05,0.07232722954015391,0.9999999999999056,4.041576560632487e-05,3.264847200387011e-05,1.2105373683639039e-05
GradientDescent,8192,867,,0.12942722210086233,2.2151993572878346,7.23272295401558e-05,0.07232635398790925,0.9999999999999055,4.041642057101348e-05,3.264914276485904e-05,1.2105430419922113e-05
GradientDescent,8192,868,,0.12942199103104146,2.215127031441821,7.232635398790459e-05,0.0723254784421602,0.9999999999999055,4.041707560399605e-05,3.264981355995355e-05,1.2105487153421657e-05
GradientDescent,8192,869,,0.12941676008787129,2.215054706471263,7.232547844215899e-05,0.0723246029029069,0.9999999999999055,4.04177306229293e-05,3.265048438815387e-05,1.2105543885096918e-05
GradientDescent,8192,870,,0.12941152927134825,2.2149823823761534,7.232460290290728e-05,0.07232372737014958,0.9999999999999053,4.041838568271195e-05,3.265115525066544e-05,1.2105600614180258e-05
GradientDescent,8192,871,,0.1294062985814688,2.2149100591564856,7.232372737014748e-05,0.0723228518438884,0.9999999999999053,4.0419040783348135e-05,3.2651826146889475e-05,1.2105657341247186e-05
GradientDescent,8192,872,,0.12940106801822582,2.214837736812253,7.232285184388748e-05,0.07232197632412359,0.9999999999999053,4.041969595229595e-05,3.265249707702905e-05,1.2105714065338155e-05
GradientDescent,8192,873,,0.12939583758162998,2.21476541534345,7.23219763241222e-05,0.07232110081085524,0.9999999999999055,4.042035105228868e-05,3.2653168040685805e-05,1.2105770788371889e-05
GradientDescent,8192,874,,0.12939060727166352,2.2146930947500696,7.232110081085412e-05,0.07232022530408365,0.9999999999999056,4.042100630296205e-05,3.265383903846382e-05,1.2105827507853734e-05
GradientDescent,8192,875,,0.12938537708833353,2.2146207750321047,7.232022530407959e-05,0.07231934980380894,0.9999999999999055,4.042166151213703e-05,3.265451007016525e-05,1.2105884225702432e-05
GradientDescent,8192,876,,0.12938014703163647,2.2145484561895494,7.231934980380591e-05,0.07231847431003133,0.9999999999999053,4.042231676217959e-05,3.2655181135592194e-05,1.2105940940958408e-05
GradientDescent,8192,877,,0.12937491710156523,2.214476138222397,7.231847431003153e-05,0.07231759882275096,0.9999999999999055,4.0422972080553375e-05,3.265585223494777e-05,1.2105997654389109e-05
GradientDescent,8192,878,,0.12936968729812337,2.214403821130641,7.231759882274731e-05,0.07231672334196808,0.9999999999999053,4.042362738488515e-05,3.2656523368034085e-05,1.2106054364843027e-05
GradientDescent,8192,879,,0.12936445762130377,2.2143315049142753,7.231672334196515e-05,0.0723158478676828,0.9999999999999057,4.042428275755532e-05,3.265719453505427e-05,1.2106111073855221e-05
GradientDescent,8192,880,,0.12935922807110645,2.2142591895732933,7.231584786768135e-05,0.0723149723998954,0.999999999999906,4.0424938143646824e-05,3.2657865735810395e-05,1.2106167779506548e-05
GradientDescent,8192,881,,0.12935399864752783,2.2141868751076887,7.23149723998977e-05,0.072314096938606,0.9999999999999056,4.04255935706233e-05,3.265853697030508e-05,1.2106224483523998e-05
GradientDescent,8192,882,,0.12934876935056794,2.2141145615174542,7.231409693860828e-05,0.07231322148381483,0.9999999999999053,4.042624901102384e-05,3.2659208239142604e-05,1.2106281184947922e-05
GradientDescent,8192,883,,0.1293435401802161,2.214042248802584,7.231322148381693e-05,0.07231234603552202,0.9999999999999056,4.0426904547246623e-05,3.2659879541523374e-05,1.2106337884737735e-05
GradientDescent,8192,884,,0.12933831113648298,2.2139699369630708,7.231234603552056e-05,0.0723114705937278,0.9999999999999056,4.042756001450107e-05,3.266055087805169e-05,1.2106394581358028e-05
GradientDescent,8192,885,,0.12933308221935436,2.21389762599891,7.23114705937274e-05,0.07231059515843236,0.9999999999999056,4.042821560505221e-05,3.2661222247727286e-05,1.210645127615204e-05
GradientDescent,8192,886,,0.12932785342883024,2.213825315910093,7.231059515843319e-05,0.07230971972963587,0.9999999999999054,4.042887120903956e-05,3.2661893651956835e-05,1.2106507968351993e-05
GradientDescent,8192,887,,0.12932262476491418,2.2137530066966145,7.230971972963814e-05,0.07230884430733851,0.9999999999999057,4.042952679899222e-05,3.2662565089940634e-05,1.2106564658725426e-05
GradientDescent,8192,888,,0.12931739622760263,2.213680698358468,7.230884430734095e-05,0.07230796889154048,0.9999999999999057,4.0430182429848874e-05,3.26632365614807e-05,1.2106621346504536e-05
GradientDescent,8192,889,,0.12931216781688848,2.213608390895646,7.230796889154016e-05,0.07230709348224196,0.9999999999999057,4.043083812908649e-05,3.266390806758265e-05,1.2106678032073032e-05
GradientDescent,8192,890,,0.12930693953276817,2.2135360843081435,7.230709348224099e-05,0.07230621807944315,0.9999999999999061,4.043149386923973e-05,3.266457960664426e-05,1.210673471504693e-05
GradientDescent,8192,891,,0.1293017113752417,2.213463778595952,7.230621807944096e-05,0.07230534268314423,0.9999999999999056,4.043214962283769e-05,3.266525118067427e-05,1.210679139600188e-05
GradientDescent,8192,892,,0.1292964833443091,2.2133914737590676,7.230534268314185e-05,0.07230446729334539,0.9999999999999053,4.043280538988008e-05,3.26659227874685e-05,1.2106848074553899e-05
GradientDescent,8192,893,,0.12929125543996323,2.213319169797482,7.230446729334492e-05,0.0723035919100468,0.9999999999999056,4.0433461225321144e-05,3.266659442883516e-05,1.2106904750894784e-05
GradientDescent,8192,894,,0.12928602766220765,2.2132468667111893,7.230359191004625e-05,0.07230271653324866,0.9999999999999057,4.043411704673433e-05,3.266726610397439e-05,1.2106961425024414e-05
GradientDescent,8192,895,,0.12928080001103526,2.2131745645001826,7.230271653325039e-05,0.07230184116295116,0.9999999999999056,4.043477293655337e-05,3.266793781308944e-05,1.210701809655878e-05
GradientDescent,8192,896,,0.12927557248644606,2.213102263164456,7.230184116295045e-05,0.07230096579915446,0.9999999999999057,4.043542883982566e-05,3.2668609555781616e-05,1.2107074766265508e-05
GradientDescent,8192,897,,0.1292703450884365,2.213029962704003,7.23009657991566e-05,0.0723000904418588,0.9999999999999056,4.0436084784032616e-05,3.2669281332655504e-05,1.2107131432992824e-05
GradientDescent,8192,898,,0.12926511781699945,2.212957663118816,7.230009044185763e-05,0.07229921509106431,0.9999999999999056,4.04367407966612e-05,3.266995314351309e-05,1.2107188098084191e-05
GradientDescent,8192,899,,0.12925989067214205,2.2128853644088897,7.229921509106254e-05,0.07229833974677123,0.9999999999999056,4.0437396767784297e-05,3.2670624988156325e-05,1.2107244760195867e-05
GradientDescent,8192,900,,0.12925466365385363,2.2128130665742174,7.229833974677137e-05,0.07229746440897969,0.9999999999999057,4.043805283481792e-05,3.267129686658782e-05,1.2107301420863303e-05
GradientDescent,8192,901,,0.12924943676213774,2.2127407696147925,7.229746440897711e-05,0.0722965890776899,0.999999999999906,4.043870888783051e-05,3.267196877901086e-05,1.2107358078742733e-05
GradientDescent,8192,902,,0.12924420999698727,2.2126684735306084,7.229658907768862e-05,0.07229571375290209,0.9999999999999059,4.043936500927912e-05,3.2672640725428085e-05,1.2107414734025957e-05
GradientDescent,8192,903,,0.12923898335840223,2.212596178321659,7.229571375290057e-05,0.07229483843461638,0.9999999999999055,4.0440021144195585e-05,3.2673312705641434e-05,1.2107471387480668e-05
GradientDescent,8192,904,,0.1292337568463755,2.212523883987937,7.229483843461565e-05,0.07229396312283297,0.9999999999999061,4.04406773475586e-05,3.267398471985421e-05,1.2107528038914796e-05
GradientDescent,8192,905,,0.12922853046091065,2.212451590529437,7.229396312283406e-05,0.0722930878175521,0.9999999999999057,4.044133353690496e-05,3.2674656767868334e-05,1.2107584686984481e-05
GradientDescent,8192,906,,0.12922330420200412,2.2123792979461516,7.229308781755281e-05,0.07229221251877391,0.9999999999999059,4.044198976721334e-05,3.267532885008786e-05,1.2107641333609201e-05
GradientDescent,8192,907,,0.12921807806965235,2.2123070062380745,7.229221251877453e-05,0.0722913372264986,0.9999999999999059,4.0442646038487914e-05,3.2676000966114e-05,1.2107697977637055e-05
GradientDescent,8192,908,,0.12921285206384825,2.2122347154052,7.229133722650065e-05,0.07229046194072632,0.9999999999999059,4.044330237822675e-05,3.267667311574861e-05,1.2107754619835782e-05
GradientDescent,8192,909,,0.1292076261845989,2.212162425447521,7.229046194072658e-05,0.07228958666145731,0.9999999999999061,4.044395867645828e-05,3.267734529959651e-05,1.2107811259053437e-05
GradientDescent,8192,910,,0.12920240043189724,2.21209013636503,7.22895866614572e-05,0.07228871138869174,0.9999999999999057,4.044461504315793e-05,3.2678017517861105e-05,1.2107867896249737e-05
GradientDescent,8192,911,,0.12919717480573611,2.212017848157722,7.22887113886928e-05,0.07228783612242977,0.9999999999999059,4.044527147833433e-05,3.26786897691398e-05,1.2107924531424558e-05
GradientDescent,8192,912,,0.12919194930612266,2.21194556082559,7.228783612242699e-05,0.07228696086267163,0.9999999999999062,4.0445927872002536e-05,3.2679362055041184e-05,1.2107981163809871e-05
GradientDescent,8192,913,,0.1291867239330462,2.211873274368628,7.228696086267196e-05,0.07228608560941746,0.9999999999999059,4.044658436165084e-05,3.2680034374363374e-05,1.2108037794365429e-05
GradientDescent,8192,914,,0.12918149868650675,2.2118009887868286,7.228608560941953e-05,0.0722852103626675,0.9999999999999059,4.044724086479046e-05,3.26807067281128e-05,1.2108094422131204e-05
GradientDescent,8192,915,,0.1291762735665043,2.211728704080186,7.228521036266596e-05,0.07228433512242188,0.9999999999999059,4.044789738142112e-05,3.2681379115489017e-05,1.2108151048066975e-05
GradientDescent,8192,916,,0.1291710485730353,2.2116564202486932,7.228433512242178e-05,0.07228345988868083,0.9999999999999059,4.044855393904536e-05,3.268205153709698e-05,1.2108207671404678e-05
GradientDescent,8192,917,,0.12916582370609264,2.2115841372923444,7.228345988868135e-05,0.07228258466144452,0.9999999999999057,4.0449210565171275e-05,3.2682723992336964e-05,1.2108264292528153e-05
GradientDescent,8192,918,,0.12916059896567988,2.2115118552111315,7.228258466144463e-05,0.07228170944071313,0.9999999999999059,4.04498671772923e-05,3.268339648221557e-05,1.2108320911437272e-05
GradientDescent,8192,919,,0.12915537435178992,2.21143957400505,7.228170944071521e-05,0.07228083422648686,0.9999999999999061,4.045052385792222e-05,3.268406900512904e-05,1.2108377527939916e-05
GradientDescent,8192,920,,0.12915014986442275,2.2113672936740927,7.228083422648817e-05,0.07227995901876588,0.9999999999999061,4.0451180552055053e-05,3.268474156248558e-05,1.2108434142227945e-05
GradientDescent,8192,921,,0.12914492550357837,2.2112950142182526,7.22799590187682e-05,0.0722790838175504,0.9999999999999059,4.045183725969052e-05,3.268541415388625e-05,1.2108490754109234e-05
GradientDescent,8192,922,,0.12913970126924967,2.211222735637524,7.227908381754575e-05,0.07227820862284058,0.9999999999999057,4.045249403584736e-05,3.268608677893203e-05,1.2108547363775651e-05
GradientDescent,8192,923,,0.12913447716143667,2.2111504579318995,7.227820862284098e-05,0.07227733343463663,0.9999999999999061,4.045315082551292e-05,3.268675943842883e-05,1.2108603971035063e-05
GradientDescent,8192,924,,0.12912925318013224,2.2110781811013736,7.22773334346352e-05,0.07227645825293869,0.9999999999999065,4.04538076837104e-05,3.268743213137515e-05,1.2108660576655367e-05
GradientDescent,8192,925,,0.1291240293253435,2.211005905145939,7.227645825294102e-05,0.07227558307774702,0.9999999999999065,4.0454464500397e-05,3.268810485857694e-05,1.2108717178716364e-05
GradientDescent,8192,926,,0.12911880559706335,2.21093363006559,7.227558307774664e-05,0.07227470790906178,0.9999999999999059,4.0455121385619375e-05,3.268877761963516e-05,1.2108773779137987e-05
GradientDescent,8192,927,,0.12911358199528467,2.210861355860319,7.227470790905965e-05,0.07227383274688312,0.9999999999999059,4.0455778339386146e-05,3.2689450415154994e-05,1.2108830377536109e-05
GradientDescent,8192,928,,0.129108358520011,2.210789082530121,7.227383274688546e-05,0.07227295759121123,0.9999999999999062,4.0456435279157364e-05,3.269012324373307e-05,1.2108886973718593e-05
GradientDescent,8192,929,,0.12910313517123884,2.2107168100749877,7.227295759121096e-05,0.07227208244204636,0.9999999999999062,4.045709225996288e-05,3.2690796107380635e-05,1.2108943566725221e-05
GradientDescent,8192,930,,0.12909791194895748,2.2106445384949143,7.227208244204534e-05,0.07227120729938863,0.999999999999906,4.0457749336843696e-05,3.269146900409166e-05,1.2109000158284012e-05
GradientDescent,8192,931,,0.1290926888531776,2.2105722677898934,7.227120729938993e-05,0.07227033216323824,0.9999999999999062,4.045840634469571e-05,3.269214193527486e-05,1.210905674743476e-05
GradientDescent,8192,932,,0.12908746588389208,2.2104999979599183,7.227033216323626e-05,0.0722694570335954,0.9999999999999063,4.045906342110848e-05,3.269281490053114e-05,1.2109113333793275e-05
GradientDescent,8192,933,,0.12908224304109384,2.210427729004983,7.226945703359646e-05,0.0722685819104603,0.999999999999906,4.0459720566090614e-05,3.2693487899461345e-05,1.210916991793549e-05
GradientDescent,8192,934,,0.12907702032478285,2.210355460925081,7.226858191046119e-05,0.07226770679383308,0.9999999999999059,4.046037772460501e-05,3.269416093267078e-05,1.2109226500437369e-05
GradientDescent,8192,935,,0.12907179773495914,2.210283193720206,7.226770679383212e-05,0.07226683168371396,0.9999999999999062,4.046103489665137e-05,3.269483399955938e-05,1.210928308014662e-05
GradientDescent,8192,936,,0.12906657527161558,2.2102109273903507,7.226683168371527e-05,0.07226595658010311,0.999999999999906,4.046169213727959e-05,3.26955071009334e-05,1.2109339657831224e-05
GradientDescent,8192,937,,0.12906135293475574,2.2101386619355097,7.226595658010464e-05,0.07226508148300076,0.9999999999999066,4.046234936391967e-05,3.269618023579092e-05,1.2109396232530883e-05
GradientDescent,8192,938,,0.1290561307243725,2.2100663973556753,7.226508148300066e-05,0.07226420639240705,0.999999999999906,4.046300665914884e-05,3.269685340513915e-05,1.2109452805589709e-05
GradientDescent,8192,939,,0.12905090864046942,2.209994133650842,7.226420639240598e-05,0.07226333130832217,0.9999999999999062,4.04636639403904e-05,3.269752660817705e-05,1.2109509376239436e-05
GradientDescent,8192,940,,0.1290456866830323,2.2099218708210024,7.22633313083205e-05,0.07226245623074633,0.999999999999906,4.0464321345287366e-05,3.269819984551003e-05,1.2109565944479928e-05
GradientDescent,8192,941,,0.12904046485207177,2.209849608866151,7.226245623074725e-05,0.07226158115967968,0.9999999999999062,4.0464978681142615e-05,3.2698873116537916e-05,1.2109622510695144e-05
GradientDescent,8192,942,,0.1290352431475772,2.2097773477862805,7.226158115967876e-05,0.07226070609512243,0.9999999999999063,4.046563611313317e-05,3.269954642186616e-05,1.2109679074308821e-05
GradientDescent,8192,943,,0.12903002156954502,2.2097050875813857,7.226070609512653e-05,0.07225983103707477,0.9999999999999066,4.0466293586206326e-05,3.2700219760693586e-05,1.2109735635704914e-05
GradientDescent,8192,944,,0.1290248001179788,2.209632828251458,7.225983103707475e-05,0.07225895598553692,0.9999999999999065,4.046695104529822e-05,3.2700893134429555e-05,1.210979219430714e-05
GradientDescent,8192,945,,0.12901957879287496,2.209560569796493,7.225895598553588e-05,0.07225808094050899,0.9999999999999056,4.046760854547437e-05,3.2701566541468995e-05,1.2109848751459733e-05
GradientDescent,8192,946,,0.12901435759422997,2.2094883122164823,7.225808094050867e-05,0.0722572059019912,0.9999999999999062,4.0468266086738946e-05,3.2702239983020347e-05,1.2109905306202315e-05
GradientDescent,8192,947,,0.12900913652203672,2.209416055511421,7.225720590199067e-05,0.07225633086998375,0.9999999999999059,4.046892369663345e-05,3.270291345828235e-05,1.2109961858150628e-05
GradientDescent,8192,948,,0.1290039155763023,2.2093437996813017,7.225633086998254e-05,0.07225545584448681,0.9999999999999062,4.0469581265012666e-05,3.2703586967659585e-05,1.2110018408072771e-05
GradientDescent,8192,949,,0.12899869475701253,2.209271544726118,7.225545584448785e-05,0.07225458082550054,0.9999999999999062,4.047023895710486e-05,3.2704260511154706e-05,1.2110074956160693e-05
GradientDescent,8192,950,,0.12899347406417805,2.2091992906458637,7.225458082550201e-05,0.0722537058130252,0.9999999999999063,4.047089658014272e-05,3.270493408877035e-05,1.2110131500877742e-05
GradientDescent,8192,951,,0.12898825349778464,2.2091270374405325,7.225370581302329e-05,0.07225283080706091,0.9999999999999064,4.0471554326905246e-05,3.270560770010714e-05,1.2110188044336508e-05
GradientDescent,8192,952,,0.12898303305783232,2.2090547851101174,7.225283080706683e-05,0.07225195580760789,0.9999999999999067,4.047221208723828e-05,3.270628134577074e-05,1.2110244584808262e-05
GradientDescent,8192,953,,0.12897781274432463,2.208982533654612,7.225195580760412e-05,0.07225108081466632,0.9999999999999066,4.047286983359752e-05,3.270695502556278e-05,1.2110301123253214e-05
GradientDescent,8192,954,,0.12897259255725446,2.2089102830740095,7.225108081466557e-05,0.07225020582823638,0.999999999999906,4.047352764861366e-05,3.2707628739284876e-05,1.2110357659287089e-05
GradientDescent,8192,955,,0.12896737249662182,2.208838033368304,7.225020582823546e-05,0.07224933084831826,0.9999999999999061,4.047418547720281e-05,3.270830248693966e-05,1.2110414193101835e-05
GradientDescent,8192,956,,0.12896215256242316,2.208765784537489,7.224933084831677e-05,0.07224845587491212,0.9999999999999064,4.047484334691206e-05,3.270897626893184e-05,1.2110470725081487e-05
GradientDescent,8192,957,,0.12895693275465137,2.208693536581558,7.224845587491131e-05,0.0722475809080182,0.9999999999999064,4.047550128529407e-05,3.2709650084459864e-05,1.211052725388135e-05
GradientDescent,8192,958,,0.12895171307331355,2.208621289500504,7.22475809080189e-05,0.07224670594763663,0.9999999999999066,4.047615918215904e-05,3.271032393473269e-05,1.2110583781037945e-05
GradientDescent,8192,959,,0.1289464935183955,2.2085490432943207,7.224670594763759e-05,0.07224583099376762,0.9999999999999067,4.047681720280212e-05,3.271099781874769e-05,1.2110640305782814e-05
GradientDescent,8192,960,,0.12894127408990785,2.2084767979630016,7.224583099376686e-05,0.07224495604641139,0.9999999999999066,4.0477475154377973e-05,3.271167173690961e-05,1.2110696827731641e-05
GradientDescent,8192,961,,0.12893605478783998,2.2084045535065404,7.224495604641309e-05,0.07224408110556806,0.9999999999999063,4.047813320219068e-05,3.271234568902003e-05,1.2110753348228928e-05
GradientDescent,8192,962,,0.12893083561218832,2.208332309924931,7.224408110556739e-05,0.07224320617123786,0.9999999999999063,4.047879129114518e-05,3.271301967508155e-05,1.2110809865737819e-05
GradientDescent,8192,963,,0.12892561656295642,2.2082600672181654,7.224320617123902e-05,0.07224233124342098,0.9999999999999063,4.0479449366135275e-05,3.27136936959012e-05,1.2110866381026541e-05
GradientDescent,8192,964,,0.12892039764013719,2.2081878253862395,7.224233124342072e-05,0.07224145632211755,0.9999999999999061,4.0480107509825145e-05,3.2714367749671764e-05,1.2110922894863371e-05
GradientDescent,8192,965,,0.1289151788437235,2.2081155844291436,7.224145632211826e-05,0.07224058140732782,0.9999999999999066,4.048076572222341e-05,3.2715041839010176e-05,1.2110979405327194e-05
GradientDescent,8192,966,,0.12890996017372602,2.208043344346874,7.224058140732666e-05,0.07223970649905195,0.9999999999999067,4.048142386554604e-05,3.271571596110363e-05,1.2111035913954664e-05
GradientDescent,8192,967,,0.1289047416301341,2.207971105139423,7.223970649905388e-05,0.07223883159729014,0.9999999999999064,4.0482082105137274e-05,3.271639011796583e-05,1.2111092420169357e-05
GradientDescent,8192,968,,0.12889952321294063,2.2078988668067843,7.22388315972888e-05,0.07223795670204256,0.9999999999999064,4.048274041344944e-05,3.271706430879498e-05,1.2111148924163244e-05
GradientDescent,8192,969,,0.1288943049221527,2.207826629348952,7.223795670204282e-05,0.0722370818133094,0.9999999999999063,4.0483398680243656e-05,3.2717738533392575e-05,1.2111205425744086e-05
GradientDescent,8192,970,,0.12888908675776323,2.207754392765918,7.223708181330912e-05,0.07223620693109083,0.9999999999999064,4.04840570157627e-05,3.271841279276693e-05,1.2111261925488092e-05
GradientDescent,8192,971,,0.1288838687197722,2.2076821570576772,7.223620693108856e-05,0.07223533205538707,0.9999999999999064,4.0484715364886984e-05,3.271908708571387e-05,1.2111318422242454e-05
GradientDescent,8192,972,,0.1288786508081725,2.2076099222242234,7.223533205538775e-05,0.07223445718619828,0.9999999999999064,4.048537378274669e-05,3.271976141263828e-05,1.2111374917159723e-05
GradientDescent,8192,973,,0.12887343302296772,2.207537688265549,7.223445718619956e-05,0.07223358232352466,0.9999999999999063,4.0486032186651414e-05,3.2720435774146286e-05,1.2111431409663426e-05
GradientDescent,8192,974,,0.12886821536414717,2.207465455181647,7.223358232352539e-05,0.07223270746736637,0.9999999999999064,4.048669068686627e-05,3.272111016983824e-05,1.2111487899945552e-05
GradientDescent,8192,975,,0.12886299783171795,2.207393222972512,7.223270746736477e-05,0.07223183261772362,0.9999999999999069,4.048734914556146e-05,3.2721784599314454e-05,1.2111544388005977e-05
GradientDescent,8192,976,,0.12885778042566942,2.207320991638138,7.223183261772189e-05,0.07223095777459662,0.9999999999999065,4.0488007700576257e-05,3.2722459062778706e-05,1.2111600873076057e-05
GradientDescent,8192,977,,0.12885256314600513,2.2072487611785174,7.223095777459433e-05,0.0722300829379855,0.9999999999999065,4.048866624164052e-05,3.2723133560636e-05,1.2111657356884807e-05
GradientDescent,8192,978,,0.1288473459927144,2.2071765315936442,7.223008293798414e-05,0.07222920810789048,0.9999999999999067,4.048932487903722e-05,3.272380809248663e-05,1.211171383770295e-05
GradientDescent,8192,979,,0.12884212896580438,2.207104302883512,7.222920810789241e-05,0.07222833328431172,0.9999999999999065,4.048998347491424e-05,3.272448265853442e-05,1.2111770316683135e-05
GradientDescent,8192,980,,0.12883691206526793,2.2070320750481134,7.222833328431134e-05,0.07222745846724943,0.9999999999999065,4.049064213955901e-05,3.272515725878202e-05,1.2111826793056702e-05
GradientDescent,8192,981,,0.12883169529110505,2.206959848087443,7.22274584672474e-05,0.0722265836567038,0.9999999999999067,4.049130081782962e-05,3.2725831893030884e-05,1.2111883267015648e-05
GradientDescent,8192,982,,0.12882647864330865,2.2068876220014935,7.22265836567039e-05,0.072225708852675,0.9999999999999067,4.049195956487859e-05,3.272650656148485e-05,1.211193973894412e-05
GradientDescent,8192,983,,0.12882126212188227,2.20681539679026,7.222570885267352e-05,0.07222483405516322,0.9999999999999065,4.0492618297982025e-05,3.272718126354289e-05,1.2111996208457715e-05
GradientDescent,8192,984,,0.12881604572681882,2.2067431724537334,7.22248340551661e-05,0.07222395926416866,0.9999999999999065,4.049327709987106e-05,3.272785600081746e-05,1.2112052675556293e-05
GradientDescent,8192,985,,0.12881082945811828,2.2066709489919094,7.222395926416818e-05,0.07222308447969146,0.9999999999999064,4.049393591539486e-05,3.272853077129894e-05,1.211210914100832e-05
GradientDescent,8192,986,,0.12880561331577356,2.2065987264047804,7.222308447968878e-05,0.07222220970173186,0.9999999999999065,4.049459479971486e-05,3.272920557639858e-05,1.211216560327648e-05
GradientDescent,8192,987,,0.1288003972997882,2.2065265046923397,7.222220970173193e-05,0.07222133493029001,0.9999999999999071,4.049525367009379e-05,3.272988041571658e-05,1.2112222063897835e-05
GradientDescent,8192,988,,0.12879518141015867,2.2064542838545815,7.222133493029029e-05,0.07222046016536612,0.9999999999999069,4.049591258169308e-05,3.273055528885308e-05,1.211227852171935e-05
GradientDescent,8192,989,,0.1287899656468814,2.206382063891499,7.222046016536952e-05,0.07221958540696036,0.9999999999999071,4.049657153451692e-05,3.2731230196414484e-05,1.211233497770166e-05
GradientDescent,8192,990,,0.12878475000994927,2.2063098448030862,7.221958540696057e-05,0.07221871065507293,0.9999999999999067,4.0497230556154824e-05,3.273190513759837e-05,1.2112391430883856e-05
GradientDescent,8192,991,,0.1287795344993694,2.206237626589336,7.221871065507692e-05,0.072217835909704,0.9999999999999064,4.049788953626966e-05,3.273258011341374e-05,1.2112447882226597e-05
GradientDescent,8192,992,,0.12877431911513115,2.206165409250241,7.221783590970435e-05,0.07221696117085374,0.9999999999999067,4.0498548612790034e-05,3.273325512386329e-05,1.2112504331345446e-05
GradientDescent,8192,993,,0.12876910385723805,2.206093192785797,7.221696117085093e-05,0.07221608643852237,0.9999999999999067,4.0499207675374334e-05,3.273393016733938e-05,1.2112560777855941e-05
GradientDescent,8192,994,,0.12876388872567945,2.206020977195996,7.22160864385221e-05,0.07221521171271006,0.9999999999999071,4.0499866834377023e-05,3.2734605245656214e-05,1.2112617222142276e-05
GradientDescent,8192,995,,0.12875867372046246,2.2059487624808316,7.221521171270756e-05,0.07221433699341702,0.9999999999999069,4.0500525951856633e-05,3.2735280358212615e-05,1.2112673663819981e-05
GradientDescent,8192,996,,0.1287534588415764,2.205876548640297,7.221433699341875e-05,0.07221346228064339,0.9999999999999067,4.0501185165764114e-05,3.2735955504809915e-05,1.2112730103849786e-05
GradientDescent,8192,997,,0.12874824408902485,2.2058043356743866,7.221346228064304e-05,0.07221258757438936,0.9999999999999072,4.050184436573999e-05,3.2736630685450757e-05,1.2112786541462881e-05
GradientDescent,8192,998,,0.12874302946280425,2.205732123583093,7.221258757439107e-05,0.07221171287465517,0.9999999999999069,4.050250360696806e-05,3.273730590054043e-05,1.2112842976274774e-05
GradientDescent,8192,999,,0.12873781496290748,2.2056599123664107,7.221171287465569e-05,0.07221083818144097,0.9999999999999069,4.050316291704788e-05,3.2737981149276274e-05,1.2112899408861854e-05
GradientDescent,8192,1000,,0.12873260058933456,2.205587702024332,7.221083818144245e-05,0.07220996349474691,0.999999999999907,4.050382224079512e-05,3.2738656432868915e-05,1.2112955839992734e-05
GradientDescent,8192,1001,,0.12872738634208902,2.2055154925568514,7.220996349474926e-05,0.07220908881457323,0.999999999999907,4.050448155061187e-05,3.2739331750113017e-05,1.2113012267937643e-05
GradientDescent,8192,1002,,0.12872217222116378,2.2054432839639615,7.220908881456879e-05,0.07220821414092009,0.9999999999999073,4.050514092928959e-05,3.274000710201792e-05,1.2113068694041733e-05
GradientDescent,8192,1003,,0.12871695822655171,2.205371076245657,7.220821414091965e-05,0.07220733947378767,0.9999999999999075,4.050580037683696e-05,3.274068248757955e-05,1.211312511772832e-05
GradientDescent,8192,1004,,0.12871174435825639,2.2052988694019295,7.22073394737872e-05,0.0722064648131762,0.9999999999999066,4.0506459810459715e-05,3.274135790800867e-05,1.2113181538612883e-05
GradientDescent,8192,1005,,0.12870653061627424,2.205226663432775,7.220646481317621e-05,0.07220559015908581,0.9999999999999069,4.050711928535728e-05,3.2742033361697044e-05,1.2113237958040637e-05
GradientDescent,8192,1006,,0.12870131700060172,2.2051544583381846,7.22055901590858e-05,0.07220471551151672,0.999999999999907,4.0507778801533846e-05,3.2742708850661e-05,1.2113294374666108e-05
GradientDescent,8192,1007,,0.12869610351123884,2.2050822541181536,7.220471551151516e-05,0.07220384087046909,0.9999999999999069,4.0508438331389285e-05,3.274338437288947e-05,1.2113350789257943e-05
GradientDescent,8192,1008,,0.12869089014817847,2.205010050772674,7.220384087046977e-05,0.07220296623594312,0.9999999999999069,4.050909793013421e-05,3.274405992999612e-05,1.2113407201431617e-05
GradientDescent,8192,1009,,0.12868567691141708,2.2049378483017406,7.220296623594406e-05,0.072202091607939,0.9999999999999069,4.050975757017072e-05,3.27447355209767e-05,1.2113463611186996e-05
GradientDescent,8192,1010,,0.12868046380096176,2.2048656467053465,7.220209160793731e-05,0.0722012169864569,0.9999999999999072,4.051041716867996e-05,3.2745411146035226e-05,1.211352001890836e-05
GradientDescent,8192,1011,,0.12867525081680187,2.2047934459834844,7.220121698645763e-05,0.07220034237149701,0.9999999999999073,4.0511076863696715e-05,3.274608680577856e-05,1.211357642421117e-05
GradientDescent,8192,1012,,0.12867003795893384,2.2047212461361485,7.22003423714964e-05,0.07219946776305954,0.999999999999907,4.051173660001429e-05,3.274676249940376e-05,1.2113632827095292e-05
GradientDescent,8192,1013,,0.12866482522736478,2.2046490471633327,7.219946776305965e-05,0.07219859316114463,0.999999999999907,4.051239629480376e-05,3.274743822711485e-05,1.2113689227945018e-05
GradientDescent,8192,1014,,0.12865961262207692,2.204576849065029,7.219859316114802e-05,0.0721977185657525,0.9999999999999075,4.0513056141340996e-05,3.2748113989720195e-05,1.21137456263758e-05
GradientDescent,8192,1015,,0.1286544001430845,2.204504651841233,7.219771856575249e-05,0.07219684397688332,0.9999999999999075,4.0513715891128614e-05,3.27487897854096e-05,1.2113802022387497e-05
GradientDescent,8192,1016,,0.12864918779037682,2.2044324554919363,7.219684397688274e-05,0.07219596939453728,0.999999999999907,4.0514375737449196e-05,3.2749465616401454e-05,1.211385841636442e-05
GradientDescent,8192,1017,,0.12864397556395035,2.2043602600171335,7.21959693945345e-05,0.07219509481871458,0.9999999999999072,4.051503562508487e-05,3.275014148108695e-05,1.2113914807537557e-05
GradientDescent,8192,1018,,0.12863876346380154,2.2042880654168178,7.219509481871593e-05,0.07219422024941537,0.999999999999907,4.0515695554039814e-05,3.275081738007304e-05,1.2113971197252334e-05
GradientDescent,8192,1019,,0.1286335514899375,2.2042158716909825,7.219422024941337e-05,0.07219334568663989,0.9999999999999072,4.0516355441464994e-05,3.2751493313362394e-05,1.2114027583586378e-05
GradientDescent,8192,1020,,0.12862833964234044,2.204143678839621,7.219334568663802e-05,0.07219247113038826,0.9999999999999073,4.051701548068327e-05,3.275216928095768e-05,1.2114083968654048e-05
GradientDescent,8192,1021,,0.12862312792102104,2.2040714868627274,7.219247113038507e-05,0.0721915965806607,0.9999999999999072,4.051767545075681e-05,3.275284528266008e-05,1.2114140351109628e-05
GradientDescent,8192,1022,,0.1286179163259722,2.2039992957602945,7.219159658065933e-05,0.07219072203745738,0.9999999999999072,4.0518335489777466e-05,3.275352131867372e-05,1.211419673114521e-05
GradientDescent,8192,1023,,0.12861270485719034,2.203927105532316,7.219072203745878e-05,0.07218984750077853,0.999999999999907,4.051899557013169e-05,3.275419738900126e-05,1.2114253108568423e-05
GradientDescent,8192,1024,,0.12860749351467549,2.203854916178786,7.218984750077925e-05,0.07218897297062427,0.9999999999999073,4.051965566420033e-05,3.275487349324238e-05,1.2114309484532558e-05
GradientDescent,8192,1025,,0.12860228229842052,2.2037827276996973,7.218897297062184e-05,0.07218809844699484,0.9999999999999074,4.0520315827232034e-05,3.2755549632004203e-05,1.2114365857307345e-05
GradientDescent,8192,1026,,0.128597071208429,2.2037105400950434,7.218809844699496e-05,0.0721872239298904,0.9999999999999073,4.0520975976358736e-05,3.2756225805087915e-05,1.2114422228238327e-05
GradientDescent,8192,1027,,0.12859186024469382,2.2036383533648176,7.21872239298875e-05,0.07218634941931112,0.9999999999999073,4.052163619445579e-05,3.275690201249617e-05,1.21144785969409e-05
GradientDescent,8192,1028,,0.12858664940721853,2.2035661675090146,7.218634941931132e-05,0.07218547491525722,0.9999999999999071,4.052229639864839e-05,3.2757578253627075e-05,1.2114534963222686e-05
GradientDescent,8192,1029,,0.12858143869599248,2.2034939825276267,7.218547491525816e-05,0.07218460041772884,0.999999999999907,4.0522956699447584e-05,3.2758254529490875e-05,1.2114591327468056e-05
GradientDescent,8192,1030,,0.1285762281110121,2.2034217984206474,7.218460041773221e-05,0.07218372592672623,0.9999999999999076,4.0523617041606386e-05,3.2758930839687204e-05,1.2114647688715621e-05
GradientDescent,8192,1031,,0.12857101765228807,2.2033496151880705,7.218372592672778e-05,0.0721828514422495,0.9999999999999074,4.0524277314604264e-05,3.275960718401719e-05,1.2114704048695526e-05
GradientDescent,8192,1032,,0.12856580731980616,2.20327743282989,7.218285144225102e-05,0.0721819769642989,0.9999999999999076,4.0524937711853635e-05,3.2760283562281936e-05,1.2114760405292843e-05
GradientDescent,8192,1033,,0.12856059711356993,2.2032052513460987,7.218197696429782e-05,0.07218110249287459,0.9999999999999074,4.052559809520502e-05,3.276095997529027e-05,1.2114816760237739e-05
GradientDescent,8192,1034,,0.12855538703357228,2.20313307073669,7.218110249287586e-05,0.07218022802797673,0.9999999999999071,4.05262585475573e-05,3.2761636422440234e-05,1.2114873112953327e-05
GradientDescent,8192,1035,,0.1285501770798132,2.203060891001658,7.218022802797801e-05,0.07217935356960553,0.9999999999999073,4.052691901364782e-05,3.276231290373446e-05,1.2114929463247212e-05
GradientDescent,8192,1036,,0.12854496725228914,2.2029887121409955,7.217935356960544e-05,0.0721784791177612,0.9999999999999077,4.05275795211131e-05,3.2762989419578754e-05,1.2114985810926993e-05
GradientDescent,8192,1037,,0.1285397575510001,2.2029165341546966,7.217847911776238e-05,0.07217760467244388,0.9999999999999073,4.0528240042319425e-05,3.276366596937106e-05,1.2115042156569336e-05
GradientDescent,8192,1038,,0.128534547975939,2.2028443570427543,7.217760467244559e-05,0.07217673023365377,0.9999999999999074,4.0528900632544585e-05,3.276434255371876e-05,1.211509850017412e-05
GradientDescent,8192,1039,,0.12852933852710935,2.2027721808051623,7.217673023365379e-05,0.07217585580139105,0.9999999999999071,4.052956120887683e-05,3.276501917222136e-05,1.2115154841356683e-05
GradientDescent,8192,1040,,0.12852412920450407,2.202700005441914,7.217585580139067e-05,0.07217498137565594,0.9999999999999071,4.053022185423519e-05,3.2765695825083115e-05,1.2115211179732328e-05
GradientDescent,8192,1041,,0.12851892000812315,2.202627830953004,7.217498137565984e-05,0.07217410695644857,0.9999999999999071,4.053088251334359e-05,3.276637251190347e-05,1.2115267516454584e-05
GradientDescent,8192,1042,,0.1285137109379666,2.2025556573384235,7.217410695645041e-05,0.07217323254376916,0.9999999999999073,4.0531543186201756e-05,3.2767049233693125e-05,1.211532385075422e-05
GradientDescent,8192,1043,,0.12850850199402375,2.2024834845981673,7.217323254376817e-05,0.0721723581376179,0.9999999999999074,4.053220395574329e-05,3.2767725989446714e-05,1.2115380182438821e-05
GradientDescent,8192,1044,,0.12850329317629816,2.2024113127322296,7.217235813761574e-05,0.07217148373799495,0.9999999999999074,4.0532864711398376e-05,3.276840277916686e-05,1.2115436512085098e-05
GradientDescent,8192,1045,,0.12849808448478628,2.2023391417406026,7.217148373799561e-05,0.0721706093449005,0.9999999999999076,4.0533525508455985e-05,3.276907960366272e-05,1.2115492839692933e-05
GradientDescent,8192,1046,,0.1284928759194881,2.2022669716232808,7.217060934489985e-05,0.07216973495833474,0.9999999999999076,4.053418631927235e-05,3.276975646213046e-05,1.2115549164493045e-05
GradientDescent,8192,1047,,0.12848766748039298,2.202194802380257,7.216973495833838e-05,0.07216886057829787,0.9999999999999076,4.053484722679452e-05,3.2770433355177636e-05,1.2115605487254453e-05
GradientDescent,8192,1048,,0.128482459167508,2.2021226340115243,7.216886057829851e-05,0.07216798620479008,0.9999999999999072,4.053550809278452e-05,3.27711102826053e-05,1.2115661807400154e-05
GradientDescent,8192,1049,,0.12847725098082607,2.202050466517077,7.21679862047921e-05,0.0721671118378115,0.9999999999999072,4.0536169027838505e-05,3.277178724421446e-05,1.211571812589149e-05
GradientDescent,8192,1050,,0.12847204292034364,2.2019782998969086,7.216711183781198e-05,0.07216623747736238,0.9999999999999072,4.053683000431271e-05,3.2772464239806086e-05,1.2115774441574563e-05
GradientDescent,8192,1051,,0.12846683498606426,2.201906134151012,7.216623747735961e-05,0.07216536312344286,0.9999999999999072,4.053749096690415e-05,3.277314127018951e-05,1.2115830755218429e-05
GradientDescent,8192,1052,,0.12846162717798082,2.2018339692793814,7.216536312344304e-05,0.07216448877605312,0.9999999999999072,4.053815199857222e-05,3.2773818334762414e-05,1.2115887066822968e-05
GradientDescent,8192,1053,,0.12845641949608266,2.20176180528201,7.21644887760525e-05,0.07216361443519341,0.9999999999999072,4.053881312698144e-05,3.2774495433527436e-05,1.211594337523422e-05
GradientDescent,8192,1054,,0.128451211940384,2.201689642158891,7.216361443519068e-05,0.07216274010086385,0.9999999999999079,4.05394741585463e-05,3.277517256668893e-05,1.21159996821828e-05
GradientDescent,8192,1055,,0.12844600451087418,2.2016174799100177,7.216274010085971e-05,0.07216186577306465,0.9999999999999075,4.054013528685513e-05,3.2775849734451263e-05,1.2116055986514745e-05
GradientDescent,8192,1056,,0.1284407972075461,2.2015453185353846,7.216186577306593e-05,0.072160991451796,0.9999999999999074,4.054079648426192e-05,3.277652693601031e-05,1.2116112288422224e-05
GradientDescent,8192,1057,,0.12843559003040683,2.2014731580349842,7.216099145179706e-05,0.07216011713705804,0.9999999999999075,4.0541457640134085e-05,3.2777204172377235e-05,1.2116168588674368e-05
GradientDescent,8192,1058,,0.12843038297944576,2.2014009984088103,7.216011713705982e-05,0.07215924282885101,0.9999999999999077,4.0542118892769584e-05,3.277788144294961e-05,1.2116224885924844e-05
GradientDescent,8192,1059,,0.1284251760546593,2.201328839656856,7.21592428288514e-05,0.07215836852717508,0.9999999999999077,4.054278018685648e-05,3.277855874793181e-05,1.2116281181135098e-05
GradientDescent,8192,1060,,0.12841996925605814,2.2012566817791153,7.215836852717827e-05,0.07215749423203044,0.9999999999999079,4.054344141174424e-05,3.277923608732651e-05,1.2116337473920363e-05
GradientDescent,8192,1061,,0.12841476258362805,2.2011845247755817,7.215749423203065e-05,0.07215661994341725,0.9999999999999072,4.0544102761072794e-05,3.2779913460732896e-05,1.2116393764665155e-05
GradientDescent,8192,1062,,0.12840955603736903,2.2011123686462493,7.215661994341354e-05,0.07215574566133569,0.9999999999999075,4.054476412419609e-05,3.278059086835535e-05,1.2116450053369357e-05
GradientDescent,8192,1063,,0.12840434961727754,2.20104021339111,7.215574566133512e-05,0.07215487138578598,0.9999999999999075,4.054542552878092e-05,3.2781268311003545e-05,1.2116506339071197e-05
GradientDescent,8192,1064,,0.1283991433233571,2.200968059010158,7.215487138578617e-05,0.07215399711676829,0.9999999999999079,4.0546086919495135e-05,3.2781945787671416e-05,1.211656262292451e-05
GradientDescent,8192,1065,,0.1283939371555971,2.200895905503387,7.215399711676917e-05,0.0721531228542828,0.9999999999999077,4.054674840701117e-05,3.278262329876514e-05,1.2116618904352183e-05
GradientDescent,8192,1066,,0.1283887311139975,2.2008237528707912,7.215312285428423e-05,0.0721522485983297,0.9999999999999075,4.054740990833097e-05,3.278330084368205e-05,1.2116675183546416e-05
GradientDescent,8192,1067,,0.1283835251985619,2.2007516011123625,7.215224859832885e-05,0.07215137434890917,0.9999999999999077,4.054807139578271e-05,3.278397842383724e-05,1.2116731460314741e-05
GradientDescent,8192,1068,,0.12837831940927957,2.2006794502280953,7.215137434890879e-05,0.07215050010602139,0.9999999999999077,4.0548732980052276e-05,3.2784656037820954e-05,1.211678773504171e-05
GradientDescent,8192,1069,,0.12837311374615057,2.200607300217983,7.215050010602238e-05,0.07214962586966658,0.9999999999999082,4.054939457813153e-05,3.2785333686241194e-05,1.2116844006957824e-05
GradientDescent,8192,1070,,0.12836790820917487,2.200535151082019,7.214962586966746e-05,0.07214875163984485,0.9999999999999075,4.055005619002018e-05,3.2786011369302426e-05,1.2116900277601707e-05
GradientDescent,8192,1071,,0.1283627027983525,2.200463002820196,7.214875163984483e-05,0.07214787741655646,0.9999999999999077,4.055071781571798e-05,3.278668908660375e-05,1.2116956545049781e-05
GradientDescent,8192,1072,,0.12835749751367276,2.200390855432509,7.2147877416558e-05,0.07214700319980155,0.9999999999999079,4.055137953825609e-05,3.278736683814781e-05,1.2117012810455988e-05
GradientDescent,8192,1073,,0.12835229235513212,2.200318708918951,7.214700319980376e-05,0.07214612898958034,0.999999999999908,4.055204130229116e-05,3.278804462393727e-05,1.2117069073435498e-05
GradientDescent,8192,1074,,0.12834708732274125,2.2002465632795145,7.214612898958192e-05,0.07214525478589298,0.999999999999908,4.0552702997109846e-05,3.278872244458025e-05,1.2117125334372891e-05
GradientDescent,8192,1075,,0.12834188241648947,2.200174418514194,7.214525478589047e-05,0.07214438058873969,0.9999999999999075,4.05533647887815e-05,3.278940029927217e-05,1.211718159269097e-05
GradientDescent,8192,1076,,0.12833667763637324,2.200102274622983,7.214438058874079e-05,0.0721435063981206,0.9999999999999073,4.0554026621956055e-05,3.279007818841932e-05,1.21172378493514e-05
GradientDescent,8192,1077,,0.128331472982389,2.200030131605874,7.214350639812034e-05,0.07214263221403593,0.9999999999999075,4.055468849663772e-05,3.279075611202439e-05,1.2117294103392259e-05
GradientDescent,8192,1078,,0.12832626845454032,2.199957989462862,7.214263221403988e-05,0.07214175803648586,0.9999999999999076,4.055535035746295e-05,3.279143406988819e-05,1.211735035500577e-05
GradientDescent,8192,1079,,0.12832106405282007,2.1998858481939383,7.21417580364855e-05,0.0721408838654706,0.9999999999999079,4.055601228748201e-05,3.279211206261899e-05,1.211740660399943e-05
GradientDescent,8192,1080,,0.12831585977722826,2.199813707799099,7.214088386547037e-05,0.07214000970099028,0.9999999999999082,4.055667423133135e-05,3.279279008880642e-05,1.2117462851527316e-05
GradientDescent,8192,1081,,0.12831065562775779,2.199741568278336,7.214000970099039e-05,0.07213913554304516,0.999999999999908,4.055733624438521e-05,3.2793468150269916e-05,1.211751909585798e-05
GradientDescent,8192,1082,,0.12830545160440865,2.199669429631643,7.213913554304228e-05,0.07213826139163534,0.9999999999999079,4.055799827127555e-05,3.2794146245800976e-05,1.2117575338722628e-05
GradientDescent,8192,1083,,0.1283002477071844,2.1995972918590128,7.213826139163809e-05,0.07213738724676105,0.999999999999908,4.05586602843126e-05,3.279482437600789e-05,1.2117631578966907e-05
GradientDescent,8192,1084,,0.12829504393607438,2.199525154960441,7.213738724676152e-05,0.07213651310842248,0.9999999999999079,4.055932239425409e-05,3.279550253988389e-05,1.2117687816783046e-05
GradientDescent,8192,1085,,0.1282898402910786,2.1994530189359187,7.21365131084234e-05,0.0721356389766198,0.9999999999999076,4.0559984518038e-05,3.2796180739046785e-05,1.2117744052363295e-05
GradientDescent,8192,1086,,0.12828463677219704,2.19938088378544,7.213563897661842e-05,0.07213476485135319,0.9999999999999082,4.0560646655664045e-05,3.27968589724898e-05,1.211780028589991e-05
GradientDescent,8192,1087,,0.1282794333794226,2.199308749508999,7.213476485135393e-05,0.07213389073262284,0.9999999999999083,4.056130886251995e-05,3.2797537240013684e-05,1.2117856516815614e-05
GradientDescent,8192,1088,,0.12827423011275885,2.1992366161065897,7.21338907326226e-05,0.07213301662042895,0.9999999999999083,4.056197105552909e-05,3.2798215541823e-05,1.211791274549504e-05
GradientDescent,8192,1089,,0.12826902697219866,2.1991644835782043,7.213301662043332e-05,0.0721321425147717,0.9999999999999079,4.056263331777542e-05,3.279889387852617e-05,1.2117968971938058e-05
GradientDescent,8192,1090,,0.1282638239577385,2.1990923519238366,7.213214251477124e-05,0.07213126841565125,0.9999999999999073,4.056329562157029e-05,3.2799572249520145e-05,1.2118025196144545e-05
GradientDescent,8192,1091,,0.12825862106937835,2.1990202211434804,7.21312684156507e-05,0.0721303943230678,0.999999999999908,4.056395793921945e-05,3.2800250654807576e-05,1.2118081418114373e-05
GradientDescent,8192,1092,,0.12825341830711823,2.1989480912371295,7.213039432306562e-05,0.07212952023702154,0.9999999999999075,4.056462027072263e-05,3.280092909439112e-05,1.2118137637462616e-05
GradientDescent,8192,1093,,0.12824821567095102,2.198875962204776,7.212952023702186e-05,0.07212864615751262,0.9999999999999075,4.056528267148102e-05,3.280160756908126e-05,1.2118193855343538e-05
GradientDescent,8192,1094,,0.12824301316088027,2.198803834046415,7.212864615751101e-05,0.07212777208454127,0.9999999999999079,4.056594505839778e-05,3.280228607746703e-05,1.2118250070025417e-05
GradientDescent,8192,1095,,0.12823781077689533,2.1987317067620387,7.212777208453965e-05,0.07212689801810766,0.9999999999999073,4.0566607542280066e-05,3.280296462076281e-05,1.2118306282662513e-05
GradientDescent,8192,1096,,0.12823260851899976,2.1986595803516416,7.212689801810364e-05,0.07212602395821197,0.9999999999999076,4.056727001232468e-05,3.2803643198163456e-05,1.2118362493254709e-05
GradientDescent,8192,1097,,0.12822740638718644,2.1985874548152164,7.212602395821206e-05,0.07212514990485437,0.999999999999908,4.056793255164255e-05,3.280432181027753e-05,1.2118418701417065e-05
GradientDescent,8192,1098,,0.12822220438145893,2.198515330152757,7.212514990485709e-05,0.07212427585803508,0.999999999999908,4.0568595077123335e-05,3.2805000456703775e-05,1.2118474907149449e-05
GradientDescent,8192,1099,,0.12821700250181012,2.1984432063642565,7.21242758580374e-05,0.07212340181775426,0.9999999999999076,4.056925767188471e-05,3.2805679137848845e-05,1.2118531110644137e-05
GradientDescent,8192,1100,,0.12821180074824357,2.1983710834497088,7.212340181775612e-05,0.07212252778401208,0.999999999999908,4.0569920252809594e-05,3.280635785310944e-05,1.2118587312093418e-05
GradientDescent,8192,1101,,0.12820659912074506,2.1982989614091073,7.212252778401124e-05,0.07212165375680875,0.999999999999908,4.0570582958441854e-05,3.280703660289222e-05,1.2118643511112339e-05
GradientDescent,8192,1102,,0.12820139761932525,2.1982268402424454,7.212165375680804e-05,0.07212077973614445,0.9999999999999077,4.057124559482326e-05,3.280771538719987e-05,1.211869970770076e-05
GradientDescent,8192,1103,,0.1281961962439735,2.1981547199497165,7.212077973614462e-05,0.07211990572201935,0.9999999999999081,4.0571908328211896e-05,3.280839420603507e-05,1.2118755902243395e-05
GradientDescent,8192,1104,,0.12819099499468622,2.1980826005309146,7.211990572202255e-05,0.07211903171443367,0.9999999999999083,4.0572571103194796e-05,3.2809073058996465e-05,1.2118812093970419e-05
GradientDescent,8192,1105,,0.12818579387146345,2.1980104819860316,7.211903171443662e-05,0.07211815771338755,0.9999999999999083,4.0573233892061974e-05,3.280975194729889e-05,1.2118868284036252e-05
GradientDescent,8192,1106,,0.12818059287430872,2.1979383643150636,7.211815771338958e-05,0.0721172837188812,0.9999999999999081,4.057389666709781e-05,3.281043086872269e-05,1.2118924471478638e-05
GradientDescent,8192,1107,,0.12817539200321137,2.1978662475180015,7.21172837188792e-05,0.0721164097309148,0.9999999999999077,4.057455953916343e-05,3.2811109825896995e-05,1.2118980656682297e-05
GradientDescent,8192,1108,,0.12817019125817497,2.19779413159484,7.21164097309131e-05,0.0721155357494885,0.9999999999999081,4.057522239740167e-05,3.2811788817006155e-05,1.2119036840031976e-05
GradientDescent,8192,1109,,0.12816499063918885,2.197722016545572,7.211553574948945e-05,0.07211466177460255,0.9999999999999086,4.057588535268267e-05,3.281246784265896e-05,1.2119093020180499e-05
GradientDescent,8192,1110,,0.1281597901462601,2.197649902370192,7.211466177460341e-05,0.07211378780625707,0.9999999999999081,4.0576548266420415e-05,3.281314690265604e-05,1.2119149198859656e-05
GradientDescent,8192,1111,,0.12815458977938166,2.197577789068693,7.211378780625756e-05,0.07211291384445231,0.9999999999999081,4.057721124948953e-05,3.2813825997202134e-05,1.2119205374529815e-05
GradientDescent,8192,1112,,0.12814938953855348,2.1975056766410677,7.211291384445173e-05,0.07211203988918836,0.9999999999999083,4.0577874246454555e-05,3.2814505126502015e-05,1.2119261549115265e-05
GradientDescent,8192,1113,,0.12814418942376493,2.1974335650873105,7.211203988918683e-05,0.07211116594046552,0.9999999999999083,4.057853734048489e-05,3.2815184289952124e-05,1.2119317719921666e-05
GradientDescent,8192,1114,,0.1281389894350231,2.1973614544074147,7.21111659404656e-05,0.07211029199828389,0.999999999999908,4.0579200392972045e-05,3.281586348795931e-05,1.2119373889258218e-05
GradientDescent,8192,1115,,0.1281337895723209,2.1972893446013737,7.211029199828079e-05,0.07210941806264368,0.9999999999999077,4.0579863514808634e-05,3.281654272052624e-05,1.2119430056355021e-05
GradientDescent,8192,1116,,0.12812858983565478,2.1972172356691804,7.210941806264342e-05,0.07210854413354507,0.9999999999999084,4.05805266782768e-05,3.2817221987857723e-05,1.2119486220827039e-05
GradientDescent,8192,1117,,0.12812339022502472,2.197145127610829,7.210854413354552e-05,0.07210767021098827,0.9999999999999083,4.058118985565305e-05,3.281790128935015e-05,1.211954238305904e-05
GradientDescent,8192,1118,,0.12811819074043074,2.197073020426313,7.210767021098697e-05,0.07210679629497341,0.9999999999999077,4.058185304693714e-05,3.2818580625208256e-05,1.2119598543435817e-05
GradientDescent,8192,1119,,0.12811299138186927,2.1970009141156255,7.210679629497176e-05,0.07210592238550073,0.9999999999999086,4.058251627985876e-05,3.28192599960411e-05,1.211965470080249e-05
GradientDescent,8192,1120,,0.12810779214932966,2.19692880867876,7.210592238550004e-05,0.07210504848257036,0.9999999999999081,4.0583179609884346e-05,3.2819939401042894e-05,1.2119710856698607e-05
GradientDescent,8192,1121,,0.128102593042819,2.1968567041157097,7.210504848256908e-05,0.07210417458618254,0.999999999999908,4.0583842898366035e-05,3.2820618841024846e-05,1.2119767009584347e-05
GradientDescent,8192,1122,,0.12809739406233733,2.196784600426469,7.210417458618257e-05,0.07210330069633741,0.9999999999999083,4.058450620076124e-05,3.282129831477681e-05,1.2119823160614359e-05
GradientDescent,8192,1123,,0.12809219520786685,2.196712497611031,7.210330069633466e-05,0.07210242681303519,0.9999999999999085,4.0585169655742083e-05,3.282197782351429e-05,1.2119879309018649e-05
GradientDescent,8192,1124,,0.12808699647941824,2.1966403956693883,7.210242681303553e-05,0.07210155293627604,0.9999999999999084,4.058583304144601e-05,3.282265736683573e-05,1.2119935455374494e-05
GradientDescent,8192,1125,,0.12808179787698792,2.1965682946015357,7.21015529362762e-05,0.07210067906606013,0.9999999999999087,4.058649646880615e-05,3.282333694433947e-05,1.2119991599681772e-05
GradientDescent,8192,1126,,0.12807659940056526,2.1964961944074655,7.210067906605918e-05,0.07209980520238769,0.9999999999999084,4.058715999330244e-05,3.2824016556836864e-05,1.2120047740977979e-05
GradientDescent,8192,1127,,0.1280714010501609,2.196424095087172,7.209980520238878e-05,0.07209893134525885,0.9999999999999084,4.058782344851429e-05,3.282469620352193e-05,1.2120103880802791e-05
GradientDescent,8192,1128,,0.12806620282576064,2.1963519966406486,7.209893134526142e-05,0.07209805749467386,0.9999999999999077,4.0588487028608616e-05,3.28253758845995e-05,1.2120160017423776e-05
GradientDescent,8192,1129,,0.12806100472736803,2.196279899067888,7.20980574946727e-05,0.07209718365063282,0.9999999999999079,4.058915059489704e-05,3.282605560088101e-05,1.2120216152958094e-05
GradientDescent,8192,1130,,0.12805580675497596,2.1962078023688845,7.209718365063421e-05,0.07209630981313597,0.9999999999999079,4.058981423060186e-05,3.282673535095384e-05,1.2120272285288313e-05
GradientDescent,8192,1131,,0.12805060890859155,2.196135706543631,7.209630981313443e-05,0.07209543598218349,0.9999999999999087,4.0590477824757906e-05,3.282741513603382e-05,1.2120328415569197e-05
GradientDescent,8192,1132,,0.12804541118820056,2.1960636115921215,7.209543598218264e-05,0.07209456215777556,0.9999999999999084,4.0591141543823535e-05,3.282809495551706e-05,1.2120384543415647e-05
GradientDescent,8192,1133,,0.12804021359380657,2.1959915175143494,7.209456215777617e-05,0.07209368833991235,0.9999999999999081,4.059180524908785e-05,3.282877480940623e-05,1.2120440669212511e-05
GradientDescent,8192,1134,,0.12803501612540602,2.1959194243103077,7.209368833991384e-05,0.07209281452859406,0.9999999999999084,4.05924689960398e-05,3.282945469810844e-05,1.2120496792574681e-05
GradientDescent,8192,1135,,0.12802981878299535,2.1958473319799903,7.209281452859319e-05,0.07209194072382086,0.9999999999999082,4.059313278468363e-05,3.283013462122197e-05,1.2120552913887017e-05
GradientDescent,8192,1136,,0.12802462156657457,2.19577524052339,7.209194072382222e-05,0.07209106692559296,0.9999999999999087,4.059379658727446e-05,3.2830814579153955e-05,1.2120609032379396e-05
GradientDescent,8192,1137,,0.12801942447614012,2.1957031499405013,7.20910669255931e-05,0.0720901931339105,0.9999999999999084,4.059446043156229e-05,3.283149457109814e-05,1.2120665149206687e-05
GradientDescent,8192,1138,,0.12801422751168845,2.195631060231317,7.209019313391191e-05,0.07208931934877369,0.9999999999999091,4.059512431755134e-05,3.28321745980684e-05,1.2120721263598762e-05
GradientDescent,8192,1139,,0.1280090306732231,2.1955589713958306,7.208931934877493e-05,0.07208844557018275,0.9999999999999087,4.059578818974089e-05,3.2832854659460716e-05,1.2120777374977965e-05
GradientDescent,8192,1140,,0.1280038339607299,2.195486883434036,7.20884455701826e-05,0.0720875717981378,0.9999999999999085,4.0596452186894254e-05,3.2833534755277754e-05,1.2120833485076724e-05
GradientDescent,8192,1141,,0.1279986373742159,2.195414796345926,7.20875717981374e-05,0.07208669803263903,0.9999999999999084,4.059711614250074e-05,3.283421488592673e-05,1.212088959254737e-05
GradientDescent,8192,1142,,0.12799344091367404,2.195342710131495,7.208669803263811e-05,0.07208582427368668,0.9999999999999087,4.059778016757455e-05,3.2834895050803545e-05,1.2120945697389753e-05
GradientDescent,8192,1143,,0.1279882445791114,2.1952706247907354,7.208582427368507e-05,0.07208495052128087,0.9999999999999089,4.059844415109645e-05,3.2835575250719976e-05,1.2121001800373801e-05
GradientDescent,8192,1144,,0.12798304837051022,2.1951985403236414,7.208495052128212e-05,0.07208407677542181,0.9999999999999085,4.0599108287364036e-05,3.2836255484869604e-05,1.2121057901114365e-05
GradientDescent,8192,1145,,0.1279778522878776,2.195126456730206,7.208407677542056e-05,0.07208320303610971,0.9999999999999087,4.0599772382084827e-05,3.2836935753861986e-05,1.212111399884123e-05
GradientDescent,8192,1146,,0.12797265633120647,2.195054374010423,7.208320303611172e-05,0.07208232930334472,0.9999999999999084,4.0600436546291064e-05,3.283761605709292e-05,1.2121170094901901e-05
GradientDescent,8192,1147,,0.12796746050050034,2.1949822921642856,7.20823293033416e-05,0.07208145557712703,0.9999999999999084,4.060110069670698e-05,3.283829639517199e-05,1.21212261887187e-05
GradientDescent,8192,1148,,0.12796226479575212,2.1949102111917878,7.208145557712671e-05,0.07208058185745682,0.9999999999999083,4.060176491661572e-05,3.283897676769729e-05,1.2121282280098969e-05
GradientDescent,8192,1149,,0.12795706921695826,2.194838131092922,7.208058185745462e-05,0.07207970814433427,0.999999999999908,4.060242917826226e-05,3.2839657175076146e-05,1.2121338369235103e-05
GradientDescent,8192,1150,,0.12795187376412231,2.194766051867683,7.20797081443316e-05,0.07207883443775957,0.9999999999999086,4.060309342612109e-05,3.284033761670428e-05,1.2121394456126977e-05
GradientDescent,8192,1151,,0.12794667843723362,2.1946939735160633,7.207883443776175e-05,0.07207796073773293,0.9999999999999089,4.06037577712515e-05,3.284101809319137e-05,1.2121450540389389e-05
GradientDescent,8192,1152,,0.12794148323629573,2.1946218960380577,7.207796073773238e-05,0.07207708704425451,0.9999999999999089,4.060442210259819e-05,3.284169860373075e-05,1.212150662240727e-05
GradientDescent,8192,1153,,0.1279362881613051,2.1945498194336572,7.20770870442548e-05,0.07207621335732448,0.999999999999909,4.060508647569292e-05,3.284237914994388e-05,1.2121562702758119e-05
GradientDescent,8192,1154,,0.1279310932122617,2.194477743702857,7.207621335732305e-05,0.07207533967694305,0.999999999999909,4.060575086277056e-05,3.2843059730012335e-05,1.212161878009403e-05
GradientDescent,8192,1155,,0.1279258983891549,2.194405668845651,7.207533967694333e-05,0.07207446600311036,0.9999999999999085,4.060641534714242e-05,3.284374034454583e-05,1.2121674855762659e-05
GradientDescent,8192,1156,,0.12792070369199182,2.1943335948620315,7.207446600311124e-05,0.07207359233582666,0.9999999999999083,4.060707978996351e-05,3.2844420994154156e-05,1.2121730928416073e-05
GradientDescent,8192,1157,,0.12791550912076177,2.1942615217519927,7.20735923358279e-05,0.07207271867509206,0.9999999999999086,4.060774433008845e-05,3.2845101678030546e-05,1.2121786999787057e-05
GradientDescent,8192,1158,,0.12791031467546832,2.194189449515527,7.207271867508929e-05,0.07207184502090681,0.9999999999999089,4.060840885643488e-05,3.28457823969872e-05,1.2121843067757453e-05
GradientDescent,8192,1159,,0.12790512035610435,2.194117378152629,7.207184502090773e-05,0.07207097137327108,0.9999999999999089,4.0609073452323146e-05,3.28464631502173e-05,1.2121899133867515e-05
GradientDescent,8192,1160,,0.12789992616266987,2.194045307663292,7.207097137327139e-05,0.07207009773218499,0.9999999999999083,4.060973806220969e-05,3.284714393792589e-05,1.2121955198309697e-05
GradientDescent,8192,1161,,0.12789473209516844,2.1939732380475094,7.207009773218638e-05,0.07206922409764882,0.9999999999999085,4.061040265831694e-05,3.284782476052047e-05,1.2122011259350858e-05
GradientDescent,8192,1162,,0.12788953815358584,2.1939011693052746,7.206922409764869e-05,0.07206835046966269,0.999999999999908,4.061106737953225e-05,3.284850561759895e-05,1.2122067318916436e-05
GradientDescent,8192,1163,,0.12788434433792917,2.1938291014365805,7.206835046966468e-05,0.07206747684822677,0.9999999999999085,4.0611732059196114e-05,3.284918650956883e-05,1.2122123376236085e-05
GradientDescent,8192,1164,,0.12787915064818778,2.1937570344414214,7.206747684822497e-05,0.07206660323334131,0.9999999999999083,4.061239683620263e-05,3.284986743582558e-05,1.212217943053941e-05
GradientDescent,8192,1165,,0.12787395708436522,2.1936849683197908,7.206660323334337e-05,0.07206572962500643,0.9999999999999086,4.0613061599437864e-05,3.2850548396776705e-05,1.2122235483366798e-05
GradientDescent,8192,1166,,0.12786876364645794,2.1936129030716813,7.206572962500784e-05,0.07206485602322232,0.9999999999999086,4.0613726404462906e-05,3.2851229392627365e-05,1.2122291533755304e-05
GradientDescent,8192,1167,,0.12786357033446238,2.1935408386970865,7.2064856023226e-05,0.07206398242798924,0.9999999999999086,4.0614391251282025e-05,3.285191042317783e-05,1.2122347580934494e-05
GradientDescent,8192,1168,,0.127858377148375,2.193468775196001,7.206398242798764e-05,0.07206310883930728,0.9999999999999086,4.061505613989946e-05,3.285259148782345e-05,1.2122403627022532e-05
GradientDescent,8192,1169,,0.1278531840881958,2.1933967125684166,7.206310883930872e-05,0.07206223525717667,0.9999999999999085,4.061572104253317e-05,3.285327258778162e-05,1.2122459670093562e-05
GradientDescent,8192,1170,,0.1278479911539212,2.1933246508143283,7.206223525717881e-05,0.07206136168159756,0.9999999999999089,4.061638598697033e-05,3.2853953721840325e-05,1.2122515711495486e-05
GradientDescent,8192,1171,,0.12784279834555123,2.1932525899337287,7.2061361681596e-05,0.07206048811257018,0.9999999999999086,4.061705094542663e-05,3.285463489081208e-05,1.2122571749880122e-05
GradientDescent,8192,1172,,0.12783760566307878,2.193180529926612,7.206048811256785e-05,0.07205961455009469,0.9999999999999086,4.061771597348122e-05,3.2855316094294656e-05,1.2122627786402817e-05
GradientDescent,8192,1173,,0.1278324131065003,2.19310847079297,7.205961455009545e-05,0.07205874099417127,0.9999999999999083,4.0618381043352046e-05,3.28559973328982e-05,1.21226838204857e-05
GradientDescent,8192,1174,,0.12782722067582286,2.1930364125327984,7.20587409941719e-05,0.07205786744480008,0.9999999999999083,4.061904607166747e-05,3.285667860541052e-05,1.2122739852706406e-05
GradientDescent,8192,1175,,0.1278220283710323,2.192964355146089,7.205786744479863e-05,0.07205699390198135,0.9999999999999091,4.061971122517676e-05,3.28573599132517e-05,1.2122795882101861e-05
GradientDescent,8192,1176,,0.12781683619213569,2.1928922986328354,7.205699390198327e-05,0.07205612036571524,0.999999999999909,4.0620376337132404e-05,3.285804125561452e-05,1.212285190944229e-05
GradientDescent,8192,1177,,0.12781164413912594,2.192820242993032,7.205612036571291e-05,0.07205524683600192,0.9999999999999091,4.062104151870651e-05,3.2858722632299136e-05,1.212290793453498e-05
GradientDescent,8192,1178,,0.12780645221199594,2.1927481882266715,7.205524683600201e-05,0.07205437331284162,0.999999999999909,4.0621706769907854e-05,3.2859404044118284e-05,1.2122963956994603e-05
GradientDescent,8192,1179,,0.12780126041075635,2.192676134333748,7.205437331283693e-05,0.07205349979623447,0.9999999999999091,4.0622371951757173e-05,3.2860085490062106e-05,1.2123019977591418e-05
GradientDescent,8192,1180,,0.1277960687353965,2.1926040813142538,7.20534997962337e-05,0.0720526262861807,0.9999999999999083,4.062303723103308e-05,3.286076697155095e-05,1.2123075995554903e-05
GradientDescent,8192,1181,,0.12779087718590576,2.1925320291681842,7.205262628617926e-05,0.07205175278268044,0.9999999999999086,4.062370260774889e-05,3.286144848656224e-05,1.2123132011655338e-05
GradientDescent,8192,1182,,0.12778568576229477,2.1924599778955307,7.20517527826805e-05,0.07205087928573391,0.9999999999999086,4.0624367915111906e-05,3.286213003732653e-05,1.2123188025314784e-05
GradientDescent,8192,1183,,0.12778049446455997,2.1923879274962883,7.205087928573786e-05,0.07205000579534128,0.9999999999999087,4.062503326431683e-05,3.28628116220237e-05,1.2123244036533108e-05
GradientDescent,8192,1184,,0.1277753032926907,2.192315877970449,7.205000579534149e-05,0.07204913231150274,0.9999999999999091,4.062569871097444e-05,3.2863493242074267e-05,1.2123300045502786e-05
GradientDescent,8192,1185,,0.12777011224669055,2.1922438293180075,7.204913231150301e-05,0.07204825883421848,0.9999999999999091,4.062636414388048e-05,3.286417489626562e-05,1.2123356052223687e-05
GradientDescent,8192,1186,,0.12776492132655592,2.1921717815389568,7.20482588342167e-05,0.07204738536348868,0.999999999999909,4.062702961864123e-05,3.2864856585410685e-05,1.2123412056503072e-05
GradientDescent,8192,1187,,0.1277597305322833,2.1920997346332896,7.204738536348999e-05,0.07204651189931349,0.9999999999999091,4.062769513526093e-05,3.286553830951219e-05,1.2123468058918659e-05
GradientDescent,8192,1188,,0.12775453986387264,2.1920276886010015,7.204651189931389e-05,0.07204563844169312,0.9999999999999091,4.06283606659361e-05,3.2866220067357376e-05,1.2123524058892475e-05
GradientDescent,8192,1189,,0.12774934932131687,2.1919556434420837,7.204563844169531e-05,0.0720447649906278,0.9999999999999093,4.0629026266284266e-05,3.2866901860974735e-05,1.2123580055846507e-05
GradientDescent,8192,1190,,0.12774415890461954,2.1918835991565304,7.204476499062487e-05,0.07204389154611764,0.9999999999999091,4.0629691852884126e-05,3.2867583688948915e-05,1.2123636051514237e-05
GradientDescent,8192,1191,,0.12773896861377354,2.191811555744336,7.204389154611736e-05,0.07204301810816284,0.999999999999909,4.06303575091644e-05,3.286826555128259e-05,1.2123692044547176e-05
GradientDescent,8192,1192,,0.12773377844877531,2.191739513205493,7.204301810816165e-05,0.0720421446767636,0.999999999999909,4.0631023207321574e-05,3.2868947448586245e-05,1.212374803513781e-05
GradientDescent,8192,1193,,0.12772858840962842,2.1916674715399944,7.204214467675986e-05,0.07204127125192011,0.9999999999999091,4.063168889173307e-05,3.286962938086262e-05,1.2123804023478635e-05
GradientDescent,8192,1194,,0.12772339849632575,2.1915954307478342,7.20412712519191e-05,0.07204039783363252,0.9999999999999091,4.0632354645837775e-05,3.287031134770921e-05,1.2123860009954799e-05
GradientDescent,8192,1195,,0.1277182087088673,2.1915233908290066,7.204039783363432e-05,0.07203952442190102,0.9999999999999093,4.063302041401311e-05,3.2870993348926066e-05,1.2123915993795636e-05
GradientDescent,8192,1196,,0.12771301904724952,2.191451351783505,7.203952442189685e-05,0.07203865101672584,0.9999999999999094,4.0633686224075646e-05,3.287167538492113e-05,1.2123971975001e-05
GradientDescent,8192,1197,,0.1277078295114653,2.1913793136113204,7.203865101672218e-05,0.07203777761810712,0.999999999999909,4.063435210384758e-05,3.287235745650769e-05,1.212402795434132e-05
GradientDescent,8192,1198,,0.12770264010152177,2.191307276312449,7.203777761810873e-05,0.07203690422604503,0.9999999999999087,4.063501794206142e-05,3.287303956186471e-05,1.212408393162384e-05
GradientDescent,8192,1199,,0.12769745081740824,2.191235239886884,7.203690422604534e-05,0.07203603084053979,0.9999999999999091,4.0635683877808874e-05,3.287372170200805e-05,1.2124139906077852e-05
GradientDescent,8192,1200,,0.12769226165912473,2.191163204334617,7.203603084054263e-05,0.07203515746159156,0.9999999999999092,4.063634982763927e-05,3.287440387754845e-05,1.212419587866645e-05
GradientDescent,8192,1201,,0.12768707262667478,2.1910911696556434,7.203515746159132e-05,0.07203428408920054,0.9999999999999092,4.063701576372988e-05,3.287508608727263e-05,1.2124251848618913e-05
GradientDescent,8192,1202,,0.1276818837200442,2.191019135849956,7.20342840891989e-05,0.0720334107233669,0.9999999999999092,4.063768182519392e-05,3.28757683317913e-05,1.2124307816513062e-05
GradientDescent,8192,1203,,0.12767669493924005,2.190947102917548,7.203341072336766e-05,0.07203253736409082,0.9999999999999092,4.0638347845100854e-05,3.2876450611309844e-05,1.2124363782156123e-05
GradientDescent,8192,1204,,0.12767150628425528,2.1908750708584135,7.203253736409348e-05,0.0720316640113725,0.9999999999999094,4.0639013934744826e-05,3.287713292502024e-05,1.2124419745355306e-05
GradientDescent,8192,1205,,0.1276663177550863,2.190803039672545,7.203166401137498e-05,0.0720307906652121,0.9999999999999095,4.063968006630764e-05,3.287781527414131e-05,1.2124475706303136e-05
GradientDescent,8192,1206,,0.12766112935174023,2.190731009359936,7.203079066521331e-05,0.07202991732560983,0.9999999999999094,4.064034615630921e-05,3.287849765806775e-05,1.2124531664999489e-05
GradientDescent,8192,1207,,0.1276559410741993,2.190658979920581,7.20299173256101e-05,0.07202904399256584,0.9999999999999097,4.0641012399544986e-05,3.287918007599142e-05,1.2124587621636899e-05
GradientDescent,8192,1208,,0.1276507529224742,2.190586951354473,7.202904399256324e-05,0.07202817066608035,0.9999999999999092,4.064167857339429e-05,3.2879862529131236e-05,1.2124643575444577e-05
GradientDescent,8192,1209,,0.12764556489655776,2.1905149236616053,7.202817066608068e-05,0.07202729734615351,0.9999999999999097,4.064234481700086e-05,3.2880545017084534e-05,1.212469952738572e-05
GradientDescent,8192,1210,,0.12764037699644648,2.190442896841971,7.202729734614976e-05,0.07202642403278552,0.9999999999999094,4.0643011102540854e-05,3.2881227539854016e-05,1.2124755477074875e-05
GradientDescent,8192,1211,,0.1276351892221368,2.1903708708955643,7.202642403278696e-05,0.07202555072597656,0.9999999999999092,4.0643677430018545e-05,3.288191009703693e-05,1.2124811424126559e-05
GradientDescent,8192,1212,,0.12763000157363225,2.1902988458223778,7.202555072597622e-05,0.0720246774257268,0.9999999999999092,4.064434374376839e-05,3.288259268944693e-05,1.212486736950402e-05
GradientDescent,8192,1213,,0.12762481405091863,2.1902268216224057,7.202467742573202e-05,0.07202380413203646,0.9999999999999097,4.064501018296581e-05,3.288327531627577e-05,1.2124923311665711e-05
GradientDescent,8192,1214,,0.1276196266540066,2.1901547982956413,7.2023804132037e-05,0.07202293084490567,0.9999999999999092,4.064567655276846e-05,3.288395797793164e-05,1.2124979252538292e-05
GradientDescent,8192,1215,,0.12761443938288553,2.190082775842078,7.202293084490616e-05,0.07202205756433468,0.9999999999999097,4.064634302019233e-05,3.2884640674417244e-05,1.2125035190194823e-05
GradientDescent,8192,1216,,0.12760925223756248,2.190010754261709,7.202205756433337e-05,0.07202118429032359,0.9999999999999095,4.0647009446053585e-05,3.2885323405735326e-05,1.2125091126562012e-05
GradientDescent,8192,1217,,0.1276040652180197,2.189938733554528,7.202118429032571e-05,0.07202031102287267,0.9999999999999094,4.0647676025226865e-05,3.2886006171888585e-05,1.2125147059520182e-05
GradientDescent,8192,1218,,0.1275988783242643,2.1898667137205283,7.202031102287181e-05,0.07201943776198201,0.9999999999999092,4.064834256284269e-05,3.288668897267697e-05,1.2125202991381462e-05
GradientDescent,8192,1219,,0.1275936915562963,2.189794694759704,7.201943776198015e-05,0.07201856450765187,0.9999999999999091,4.06490091145774e-05,3.2887371808103164e-05,1.2125258920026138e-05
GradientDescent,8192,1220,,0.12758850491410856,2.1897226766720475,7.201856450765164e-05,0.07201769125988242,0.9999999999999089,4.064967573611868e-05,3.2888054678778264e-05,1.2125314846610217e-05
GradientDescent,8192,1221,,0.12758331839769754,2.1896506594575524,7.2017691259882e-05,0.0720168180186738,0.9999999999999091,4.065034239963024e-05,3.288873758409663e-05,1.2125370771326281e-05
GradientDescent,8192,1222,,0.1275781320070668,2.189578643116213,7.20168180186783e-05,0.07201594478402622,0.9999999999999091,4.0651009049423904e-05,3.2889420523858136e-05,1.2125426693403414e-05
GradientDescent,8192,1223,,0.12757294574220568,2.189506627648022,7.20159447840267e-05,0.07201507155593986,0.9999999999999094,4.065167579688432e-05,3.289010349887673e-05,1.2125482613226877e-05
GradientDescent,8192,1224,,0.12756775960311417,2.1894346130529745,7.201507155593865e-05,0.07201419833441493,0.9999999999999097,4.065234255847937e-05,3.2890786507938244e-05,1.2125538530603835e-05
GradientDescent,8192,1225,,0.1275625735897994,2.189362599331061,7.201419833441505e-05,0.07201332511945155,0.9999999999999097,4.065300927850956e-05,3.28914695530736e-05,1.212559444630499e-05
GradientDescent,8192,1226,,0.12755738770224356,2.1892905864822767,7.201332511945065e-05,0.07201245191104999,0.9999999999999096,4.065367615192084e-05,3.289215263205446e-05,1.2125650358595838e-05
GradientDescent,8192,1227,,0.1275522019404538,2.1892185745066155,7.201245191104614e-05,0.07201157870921036,0.9999999999999095,4.065434298377243e-05,3.2892835745897634e-05,1.2125706269596046e-05
GradientDescent,8192,1228,,0.12754701630442655,2.1891465634040697,7.20115787092132e-05,0.07201070551393286,0.9999999999999096,4.065500985761407e-05,3.2893518895011565e-05,1.2125762178149238e-05
GradientDescent,8192,1229,,0.1275418307941547,2.189074553174634,7.201070551393456e-05,0.0720098323252177,0.9999999999999093,4.0655676801304185e-05,3.289420207838472e-05,1.2125818084062558e-05
GradientDescent,8192,1230,,0.12753664540964538,2.1890025438183,7.200983232521447e-05,0.07200895914306502,0.999999999999909,4.065634370343046e-05,3.289488529723695e-05,1.212587398810674e-05
GradientDescent,8192,1231,,0.1275314601508808,2.1889305353350625,7.200895914306653e-05,0.07200808596747502,0.9999999999999092,4.06570107589785e-05,3.289556855055668e-05,1.212592988970351e-05
GradientDescent,8192,1232,,0.12752627501787517,2.188858527724915,7.200808596747479e-05,0.07200721279844789,0.9999999999999095,4.065767771725277e-05,3.289625183854948e-05,1.212598578885273e-05
GradientDescent,8192,1233,,0.1275210900106214,2.188786520987851,7.20072127984467e-05,0.07200633963598381,0.9999999999999096,4.0658344745386985e-05,3.2896935161420914e-05,1.2126041685939716e-05
GradientDescent,8192,1234,,0.12751590512910882,2.1887145151238636,7.200633963598253e-05,0.07200546648008298,0.9999999999999095,4.065901187124978e-05,3.289761851917372e-05,1.2126097580386163e-05
GradientDescent,8192,1235,,0.127510720373341,2.1886425101329463,7.200546648008271e-05,0.07200459333074555,0.9999999999999095,4.0659678983410706e-05,3.289830191181062e-05,1.2126153472962851e-05
GradientDescent,8192,1236,,0.12750553574331436,2.188570506015092,7.200459333074295e-05,0.07200372018797171,0.9999999999999092,4.066034613758915e-05,3.289898533953724e-05,1.2126209363091468e-05
GradientDescent,8192,1237,,0.12750035123902537,2.1884985027702952,7.200372018796994e-05,0.07200284705176165,0.9999999999999098,4.06610133337894e-05,3.289966880154469e-05,1.212626525115735e-05
GradientDescent,8192,1238,,0.12749516686047757,2.1884265003985486,7.200284705175958e-05,0.07200197392211558,0.9999999999999096,4.0661680516287035e-05,3.290035229885021e-05,1.2126321136196684e-05
GradientDescent,8192,1239,,0.12748998260766387,2.188354498899846,7.20019739221157e-05,0.07200110079903362,0.9999999999999095,4.066234776867373e-05,3.290103583084779e-05,1.2126377019943979e-05
GradientDescent,8192,1240,,0.12748479848057714,2.188282498274181,7.200110079903545e-05,0.07200022768251599,0.9999999999999102,4.0663015090958295e-05,3.2901719397337215e-05,1.2126432900857202e-05
GradientDescent,8192,1241,,0.1274796144792245,2.1882104985215465,7.200022768251355e-05,0.07199935457256287,0.9999999999999102,4.066368237167857e-05,3.2902402999335845e-05,1.2126488779514435e-05
GradientDescent,8192,1242,,0.12747443060360242,2.188138499641936,7.199935457256281e-05,0.07199848146917447,0.9999999999999096,4.066434969443188e-05,3.290308663583176e-05,1.2126544655722804e-05
GradientDescent,8192,1243,,0.12746924685369665,2.1880665016353436,7.199848146917202e-05,0.0719976083723509,0.9999999999999095,4.0665017142832534e-05,3.290377030723354e-05,1.2126600530253174e-05
GradientDescent,8192,1244,,0.1274640632295143,2.1879945045017624,7.199760837235324e-05,0.07199673528209244,0.9999999999999098,4.066568454967157e-05,3.290445401334095e-05,1.212665640156342e-05
GradientDescent,8192,1245,,0.12745887973105186,2.187922508241185,7.199673528208979e-05,0.0719958621983992,0.9999999999999095,4.06663519985565e-05,3.290513775476559e-05,1.2126712271388167e-05
GradientDescent,8192,1246,,0.12745369635830928,2.1878505128536063,7.199586219839938e-05,0.07199498912127136,0.9999999999999093,4.0667019461618205e-05,3.290582153049538e-05,1.2126768138763534e-05
GradientDescent,8192,1247,,0.12744851311127592,2.1877785183390186,7.199498912127394e-05,0.07199411605070913,0.9999999999999095,4.066768702248007e-05,3.290650534154786e-05,1.2126824003882148e-05
GradientDescent,8192,1248,,0.1274433299899589,2.187706524697416,7.199411605071117e-05,0.0719932429867127,0.9999999999999096,4.0668354541777065e-05,3.290718918711388e-05,1.2126879866358351e-05
GradientDescent,8192,1249,,0.12743814699434752,2.187634531928792,7.199324298671147e-05,0.07199236992928222,0.9999999999999095,4.0669022158883926e-05,3.290787306760209e-05,1.212693572696306e-05
GradientDescent,8192,1250,,0.12743296412444893,2.1875625400331393,7.199236992928291e-05,0.07199149687841791,0.9999999999999093,4.06696897344243e-05,3.290855698342122e-05,1.2126991584925096e-05
GradientDescent,8192,1251,,0.12742778138025246,2.1874905490104526,7.1991496878419e-05,0.07199062383411992,0.9999999999999096,4.067035740778425e-05,3.2909240933356016e-05,1.2127047441015391e-05
GradientDescent,8192,1252,,0.1274225987617581,2.1874185588607244,7.19906238341202e-05,0.07198975079638846,0.9999999999999094,4.067102509533652e-05,3.290992491862718e-05,1.2127103294269974e-05
GradientDescent,8192,1253,,0.1274174162689623,2.1873465695839482,7.198975079638792e-05,0.0719888777652237,0.9999999999999094,4.06716928249622e-05,3.291060893883146e-05,1.2127159145652564e-05
GradientDescent,8192,1254,,0.12741223390186862,2.187274581180118,7.198887776522326e-05,0.07198800474062576,0.9999999999999101,4.0672360540900615e-05,3.291129299356553e-05,1.2127214995355828e-05
GradientDescent,8192,1255,,0.12740705166046284,2.187202593649226,7.198800474062693e-05,0.07198713172259497,0.9999999999999097,4.067302838256507e-05,3.291197708405026e-05,1.2127270841066313e-05
GradientDescent,8192,1256,,0.12740186954475208,2.187130606991267,7.198713172259521e-05,0.07198625871113139,0.9999999999999096,4.0673696182664965e-05,3.291266120846114e-05,1.2127326685868316e-05
GradientDescent,8192,1257,,0.12739668755472922,2.187058621206234,7.198625871112977e-05,0.07198538570623524,0.9999999999999097,4.067436405273452e-05,3.2913345368019036e-05,1.2127382528026718e-05
GradientDescent,8192,1258,,0.12739150569039426,2.1869866362941197,7.198538570623061e-05,0.0719845127079067,0.9999999999999094,4.067503193700854e-05,3.291402956292977e-05,1.2127438367734157e-05
GradientDescent,8192,1259,,0.12738632395174365,2.186914652254919,7.198451270790535e-05,0.07198363971614592,0.9999999999999097,4.067569986337491e-05,3.2914713791977765e-05,1.212749420595444e-05
GradientDescent,8192,1260,,0.12738114233878095,2.1868426690886245,7.19836397161485e-05,0.07198276673095318,0.9999999999999096,4.067636777605937e-05,3.29153980565871e-05,1.2127550040373989e-05
GradientDescent,8192,1261,,0.12737596085149194,2.18677068679523,7.198276673095485e-05,0.07198189375232854,0.9999999999999103,4.067703581450923e-05,3.291608235554217e-05,1.2127605874077287e-05
GradientDescent,8192,1262,,0.12737077948988373,2.1866987053747278,7.198189375232996e-05,0.07198102078027226,0.9999999999999101,4.067770381139308e-05,3.291676669026717e-05,1.2127661704557942e-05
GradientDescent,8192,1263,,0.12736559825395277,2.186626724827113,7.19810207802717e-05,0.0719801478147845,0.9999999999999101,4.067837185037967e-05,3.291745105893717e-05,1.2127717532972567e-05
GradientDescent,8192,1264,,0.12736041714369195,2.186554745152378,7.198014781478682e-05,0.07197927485586546,0.9999999999999096,4.067903995936711e-05,3.291813546297642e-05,1.2127773358935441e-05
GradientDescent,8192,1265,,0.12735523615909772,2.1864827663505166,7.197927485586888e-05,0.07197840190351527,0.9999999999999096,4.0679708110469276e-05,3.29188199019815e-05,1.212782918321764e-05
GradientDescent,8192,1266,,0.12735005530017363,2.1864107884215223,7.197840190351446e-05,0.07197752895773415,0.9999999999999101,4.0680376247898285e-05,3.291950437575204e-05,1.2127885004855037e-05
GradientDescent,8192,1267,,0.12734487456691257,2.1863388113653874,7.197752895773388e-05,0.07197665601852231,0.9999999999999101,4.068104445534104e-05,3.29201888849001e-05,1.2127940823847488e-05
GradientDescent,8192,1268,,0.1273396939593181,2.1862668351821073,7.197665601851932e-05,0.07197578308587987,0.9999999999999101,4.068171264911128e-05,3.292087342820973e-05,1.2127996641158891e-05
GradientDescent,8192,1269,,0.12733451347738312,2.1861948598716743,7.197578308588118e-05,0.07197491015980709,0.9999999999999101,4.068238091290272e-05,3.2921558006902334e-05,1.2128052455439465e-05
GradientDescent,8192,1270,,0.12732933312110406,2.186122885434082,7.197491015980718e-05,0.07197403724030406,0.99999999999991,4.068304921882358e-05,3.2922242620371284e-05,1.2128108268424372e-05
GradientDescent,8192,1271,,0.12732415289047738,2.186050911869324,7.197403724030613e-05,0.07197316432737104,0.9999999999999103,4.068371756687814e-05,3.292292726902558e-05,1.2128164078185366e-05
GradientDescent,8192,1272,,0.1273189727855102,2.185978939177393,7.197316432737487e-05,0.07197229142100815,0.9999999999999093,4.068438587336199e-05,3.292361195246169e-05,1.2128219886457642e-05
GradientDescent,8192,1273,,0.12731379280618826,2.185906967358284,7.197229142100699e-05,0.07197141852121562,0.99999999999991,4.068505430569005e-05,3.292429667068232e-05,1.2128275691891362e-05
GradientDescent,8192,1274,,0.12730861295251872,2.1858349964119888,7.197141852121487e-05,0.0719705456279936,0.99999999999991,4.0685722696449194e-05,3.2924981424096504e-05,1.2128331495450486e-05
GradientDescent,8192,1275,,0.1273034332244909,2.185763026338502,7.197054562799108e-05,0.07196967274134232,0.9999999999999103,4.0686391185161646e-05,3.292566621209749e-05,1.2128387295977949e-05
GradientDescent,8192,1276,,0.12729825362210834,2.1856910571378165,7.196967274134237e-05,0.07196879986126191,0.9999999999999097,4.068705966021101e-05,3.292635103550068e-05,1.2128443095016214e-05
GradientDescent,8192,1277,,0.12729307414536395,2.185619088809925,7.196879986126431e-05,0.07196792698775258,0.9999999999999098,4.0687728205318235e-05,3.292703589390248e-05,1.2128498891408204e-05
GradientDescent,8192,1278,,0.12728789479425773,2.1855471213548228,7.19679269877536e-05,0.07196705412081449,0.9999999999999101,4.0688396764672746e-05,3.292772078669608e-05,1.2128554685732274e-05
GradientDescent,8192,1279,,0.12728271556878612,2.185475154772502,7.196705412081621e-05,0.07196618126044782,0.9999999999999101,4.068906536618515e-05,3.2928405714696906e-05,1.2128610477795468e-05
GradientDescent,8192,1280,,0.12727753646894913,2.185403189062956,7.196618126044739e-05,0.07196530840665279,0.9999999999999104,4.068973398194776e-05,3.292909067811093e-05,1.2128666267211985e-05
GradientDescent,8192,1281,,0.1272723574947432,2.185331224226179,7.196530840665562e-05,0.07196443555942955,0.9999999999999102,4.069040263987346e-05,3.2929775675721695e-05,1.2128722054560197e-05
GradientDescent,8192,1282,,0.12726717864616477,2.1852592602621637,7.196443555942916e-05,0.0719635627187783,0.9999999999999102,4.0691071339966555e-05,3.293046070895433e-05,1.2128777839647142e-05
GradientDescent,8192,1283,,0.1272619999232103,2.1851872971709048,7.196356271877887e-05,0.07196268988469921,0.9999999999999098,4.0691740082231346e-05,3.2931145776389116e-05,1.2128833622279848e-05
GradientDescent,8192,1284,,0.1272568213258798,2.185115334952394,7.196268988470015e-05,0.07196181705719247,0.9999999999999101,4.06924088387556e-05,3.293183087965449e-05,1.2128889402843874e-05
GradientDescent,8192,1285,,0.12725164285417323,2.1850433736066255,7.196181705719169e-05,0.07196094423625823,0.9999999999999097,4.069307760953909e-05,3.293251601753391e-05,1.2128945181339098e-05
GradientDescent,8192,1286,,0.12724646450807997,2.184971413133593,7.19609442362579e-05,0.07196007142189673,0.9999999999999097,4.0693746478337976e-05,3.293320119023329e-05,1.2129000956993996e-05
GradientDescent,8192,1287,,0.12724128628760356,2.1848994535332897,7.196007142189547e-05,0.0719591986141081,0.9999999999999101,4.06944153334859e-05,3.293388639816184e-05,1.2129056730772683e-05
GradientDescent,8192,1288,,0.127236108192744,2.184827494805709,7.195919861411014e-05,0.07195832581289253,0.9999999999999101,4.0695084202899145e-05,3.293457164091582e-05,1.2129112502289335e-05
GradientDescent,8192,1289,,0.1272309302234942,2.184755536950845,7.19583258128948e-05,0.07195745301825023,0.9999999999999104,4.069575314242191e-05,3.293525691849795e-05,1.2129168271350967e-05
GradientDescent,8192,1290,,0.127225752379847,2.18468357996869,7.195745301824975e-05,0.07195658023018138,0.9999999999999101,4.069642215206304e-05,3.293594223152074e-05,1.2129224037764579e-05
GradientDescent,8192,1291,,0.12722057466181314,2.1846116238592383,7.19565802301806e-05,0.07195570744868612,0.9999999999999104,4.069709109220896e-05,3.2936627579173895e-05,1.2129279802687207e-05
GradientDescent,8192,1292,,0.12721539706937834,2.1845396686224823,7.195570744868644e-05,0.07195483467376469,0.9999999999999102,4.069776015832514e-05,3.2937312962273216e-05,1.2129335564575833e-05
GradientDescent,8192,1293,,0.12721021960254264,2.184467714258417,7.195483467376284e-05,0.07195396190541725,0.9999999999999101,4.06984292387225e-05,3.2937998379601776e-05,1.2129391324394632e-05
GradientDescent,8192,1294,,0.12720504226130958,2.1843957607670346,7.195396190541871e-05,0.07195308914364396,0.9999999999999098,4.069909830547292e-05,3.293868383258527e-05,1.2129447082336356e-05
GradientDescent,8192,1295,,0.12719986504567204,2.184323808148329,7.195308914364458e-05,0.07195221638844498,0.9999999999999104,4.0699767442358684e-05,3.293936932021002e-05,1.2129502838015148e-05
GradientDescent,8192,1296,,0.1271946879556265,2.1842518564022937,7.195221638844337e-05,0.07195134363982057,0.9999999999999102,4.070043662145849e-05,3.294005484308863e-05,1.2129558590659383e-05
GradientDescent,8192,1297,,0.12718951099117293,2.1841799055289224,7.195134363981883e-05,0.07195047089777085,0.9999999999999101,4.0701105814845346e-05,3.2940740400613927e-05,1.2129614341811914e-05
GradientDescent,8192,1298,,0.1271843341523078,2.1841079555282077,7.195047089777023e-05,0.07194959816229604,0.9999999999999102,4.070177505045146e-05,3.294142599360189e-05,1.2129670089929611e-05
GradientDescent,8192,1299,,0.12717915743902397,2.1840360064001434,7.194959816229705e-05,0.07194872543339628,0.9999999999999101,4.0702444356214704e-05,3.294211162144534e-05,1.2129725836555367e-05
GradientDescent,8192,1300,,0.12717398085132858,2.1839640581447237,7.194872543339525e-05,0.07194785271107178,0.9999999999999101,4.070311362040509e-05,3.294279728394364e-05,1.2129781580531783e-05
GradientDescent,8192,1301,,0.12716880438921807,2.1838921107619407,7.194785271106981e-05,0.07194697999532272,0.9999999999999104,4.0703782926820834e-05,3.2943482982116194e-05,1.21298373220516e-05
GradientDescent,8192,1302,,0.12716362805268178,2.183820164251789,7.194697999532455e-05,0.07194610728614927,0.9999999999999104,4.0704452331340226e-05,3.294416871474575e-05,1.2129893061693348e-05
GradientDescent,8192,1303,,0.1271584518417197,2.1837482186142614,7.194610728614911e-05,0.07194523458355162,0.9999999999999104,4.0705121750162304e-05,3.294485448264838e-05,1.212994879868535e-05
GradientDescent,8192,1304,,0.1271532757563354,2.1836762738493514,7.194523458355316e-05,0.07194436188752996,0.99999999999991,4.070579115534755e-05,3.294554028562348e-05,1.213000453341325e-05
GradientDescent,8192,1305,,0.1271480997965182,2.1836043299570527,7.194436188752872e-05,0.07194348919808446,0.99999999999991,4.0706460658652804e-05,3.294622612347046e-05,1.2130060266069815e-05
GradientDescent,8192,1306,,0.12714292396227167,2.183532386937358,7.19434891980874e-05,0.0719426165152153,0.9999999999999105,4.0707130148325305e-05,3.2946911996598764e-05,1.2130115996462026e-05
GradientDescent,8192,1307,,0.12713774825359225,2.183460444790262,7.194261651521099e-05,0.07194174383892267,0.9999999999999105,4.070779968024563e-05,3.2947597904401026e-05,1.2130171724396856e-05
GradientDescent,8192,1308,,0.12713257267047995,2.1833885035157574,7.194174383892515e-05,0.07194087116920676,0.9999999999999106,4.0708469226474276e-05,3.29482838474901e-05,1.2130227449874165e-05
GradientDescent,8192,1309,,0.12712739721292055,2.183316563113838,7.194087116920514e-05,0.07193999850606772,0.9999999999999108,4.070913889879081e-05,3.2948969825461974e-05,1.213028317366544e-05
GradientDescent,8192,1310,,0.12712222188092825,2.183244623584496,7.193999850607045e-05,0.07193912584950579,0.9999999999999103,4.070980847364449e-05,3.294965583892957e-05,1.213033889422732e-05
GradientDescent,8192,1311,,0.1271170466744853,2.1831726849277264,7.193912584950255e-05,0.07193825319952107,0.9999999999999103,4.071047820254191e-05,3.295034188667524e-05,1.2130394613681637e-05
GradientDescent,8192,1312,,0.12711187159360238,2.1831007471435218,7.193825319951984e-05,0.07193738055611379,0.9999999999999103,4.071114786191868e-05,3.295102797012553e-05,1.2130450330292109e-05
GradientDescent,8192,1313,,0.12710669663827234,2.183028810231876,7.19373805561141e-05,0.07193650791928413,0.9999999999999105,4.071181759150842e-05,3.2951714088266156e-05,1.213050604444441e-05
GradientDescent,8192,1314,,0.12710152180848455,2.1829568741927825,7.193650791928272e-05,0.07193563528903228,0.9999999999999108,4.071248741927065e-05,3.2952400241506664e-05,1.2130561756331318e-05
GradientDescent,8192,1315,,0.1270963471042461,2.182884939026234,7.193563528902926e-05,0.0719347626653584,0.9999999999999105,4.0713157205459873e-05,3.295308643005325e-05,1.2130617466145628e-05
GradientDescent,8192,1316,,0.1270911725255499,2.1828130047322243,7.193476266535712e-05,0.0719338900482627,0.9999999999999102,4.071382706187844e-05,3.295377265370523e-05,1.2130673173501372e-05
GradientDescent,8192,1317,,0.1270859980723995,2.1827410713107476,7.193389004826053e-05,0.07193301743774533,0.9999999999999105,4.071449690467304e-05,3.2954458911855026e-05,1.2130728878784266e-05
GradientDescent,8192,1318,,0.1270808237447878,2.182669138761796,7.193301743774557e-05,0.07193214483380646,0.9999999999999105,4.071516681770447e-05,3.295514520572602e-05,1.2130784581994189e-05
GradientDescent,8192,1319,,0.12707564954271122,2.1825972070853643,7.193214483380501e-05,0.07193127223644633,0.9999999999999103,4.071583677302528e-05,3.295583153410028e-05,1.2130840282166377e-05
GradientDescent,8192,1320,,0.12707047546616979,2.182525276281445,7.193127223644262e-05,0.07193039964566507,0.9999999999999105,4.0716506742682295e-05,3.295651789799782e-05,1.2130895980651184e-05
GradientDescent,8192,1321,,0.12706530151515638,2.1824533463500315,7.193039964566432e-05,0.07192952706146288,0.9999999999999103,4.071717678259252e-05,3.2957204296811005e-05,1.2130951676676775e-05
GradientDescent,8192,1322,,0.12706012768967812,2.1823814172911176,7.192952706146305e-05,0.07192865448383993,0.9999999999999105,4.071784678092583e-05,3.295789073074605e-05,1.2131007370628885e-05
GradientDescent,8192,1323,,0.12705495398972433,2.1823094891046972,7.192865448383888e-05,0.07192778191279645,0.9999999999999106,4.0718516877477314e-05,3.295857719939873e-05,1.2131063061735643e-05
GradientDescent,8192,1324,,0.12704978041529502,2.182237561790763,7.19277819128002e-05,0.07192690934833255,0.9999999999999105,4.071918698837433e-05,3.295926370358571e-05,1.2131118751154532e-05
GradientDescent,8192,1325,,0.12704460696638664,2.1821656353493086,7.19269093483346e-05,0.07192603679044844,0.9999999999999105,4.07198571415798e-05,3.29599502426993e-05,1.213117443830663e-05
GradientDescent,8192,1326,,0.12703943364299564,2.182093709780328,7.192603679045106e-05,0.07192516423914432,0.9999999999999102,4.0720527337098044e-05,3.2960636816742225e-05,1.2131230122805912e-05
GradientDescent,8192,1327,,0.127034260445122,2.1820217850838137,7.192516423914374e-05,0.07192429169442034,0.9999999999999105,4.072119754696795e-05,3.296132342612423e-05,1.2131285805231078e-05
GradientDescent,8192,1328,,0.1270290873727693,2.1819498612597594,7.192429169442031e-05,0.07192341915627672,0.9999999999999106,4.0721867743222714e-05,3.296201007064458e-05,1.2131341485196106e-05
GradientDescent,8192,1329,,0.12702391442591976,2.1818779383081583,7.192341915627766e-05,0.07192254662471363,0.9999999999999103,4.072253809366383e-05,3.2962696750306024e-05,1.213139716270086e-05
GradientDescent,8192,1330,,0.1270187416045876,2.181806016229005,7.192254662471422e-05,0.07192167409973121,0.9999999999999103,4.072320834659416e-05,3.296338346450071e-05,1.2131452838709977e-05
GradientDescent,8192,1331,,0.12701356890875504,2.1817340950222914,7.192167409973243e-05,0.07192080158132969,0.9999999999999106,4.0723878753725185e-05,3.29640702146561e-05,1.2131508511872665e-05
GradientDescent,8192,1332,,0.12700839633843275,2.1816621746880127,7.19208015813309e-05,0.07191992906950924,0.9999999999999106,4.072454909131038e-05,3.2964756998943115e-05,1.2131564182574688e-05
GradientDescent,8192,1333,,0.12700322389361007,2.1815902552261606,7.191992906950816e-05,0.07191905656427003,0.9999999999999103,4.072521952716951e-05,3.296544381919638e-05,1.2131619851394792e-05
GradientDescent,8192,1334,,0.126998051574287,2.1815183366367297,7.191905656426591e-05,0.07191818406561222,0.9999999999999104,4.072588997739574e-05,3.296613067399382e-05,1.2131675518139904e-05
GradientDescent,8192,1335,,0.12699287938046,2.181446418919712,7.191818406561096e-05,0.07191731157353608,0.999999999999911,4.072656046996341e-05,3.2966817564559505e-05,1.213173118145914e-05
GradientDescent,8192,1336,,0.12698770731212905,2.1813745020751028,7.191731157353631e-05,0.07191643908804168,0.9999999999999103,4.072723097690115e-05,3.296750448947126e-05,1.2131786843860912e-05
GradientDescent,8192,1337,,0.12698253536929416,2.1813025861028947,7.19164390880433e-05,0.07191556660912926,0.9999999999999106,4.072790149820872e-05,3.2968191449749636e-05,1.2131842503415443e-05
GradientDescent,8192,1338,,0.1269773635519411,2.181230671003081,7.191556660913113e-05,0.071914694136799,0.999999999999911,4.072857214579779e-05,3.296887844539741e-05,1.2131898160508523e-05
GradientDescent,8192,1339,,0.12697219186008057,2.1811587567756545,7.191469413679937e-05,0.07191382167105108,0.999999999999911,4.0729242723832565e-05,3.296956547621377e-05,1.213195381552597e-05
GradientDescent,8192,1340,,0.12696702029370543,2.1810868434206103,7.191382167105567e-05,0.07191294921188564,0.9999999999999107,4.0729913372200406e-05,3.297025254159067e-05,1.2132009468660638e-05
GradientDescent,8192,1341,,0.12696184885281214,2.18101493093794,7.19129492118856e-05,0.07191207675930295,0.999999999999911,4.07305840629288e-05,3.2970939642956045e-05,1.2132065118368578e-05
GradientDescent,8192,1342,,0.12695667753739714,2.1809430193276382,7.191207675930087e-05,0.0719112043133031,0.9999999999999111,4.073125479602208e-05,3.2971626778683825e-05,1.2132120766965398e-05
GradientDescent,8192,1343,,0.12695150634746044,2.180871108589698,7.191120431330393e-05,0.07191033187388633,0.999999999999911,4.07319255435009e-05,3.29723139499984e-05,1.2132176412521173e-05
GradientDescent,8192,1344,,0.12694633528299848,2.180799198724113,7.191033187388637e-05,0.07190945944105279,0.9999999999999106,4.073259633334983e-05,3.297300115608806e-05,1.2132232056386651e-05
GradientDescent,8192,1345,,0.12694116434401126,2.1807272897308763,7.190945944105304e-05,0.07190858701480266,0.9999999999999107,4.073326713758727e-05,3.297368839777006e-05,1.2132287697789772e-05
GradientDescent,8192,1346,,0.12693599353049168,2.1806553816099816,7.190858701480436e-05,0.07190771459513615,0.9999999999999107,4.0733938012187154e-05,3.297437567423263e-05,1.2132343336537406e-05
GradientDescent,8192,1347,,0.12693082284243973,2.180583474361422,7.190771459513831e-05,0.07190684218205341,0.9999999999999106,4.073460890118192e-05,3.2975062986089416e-05,1.2132398973401385e-05
GradientDescent,8192,1348,,0.12692565227985186,2.180511567985192,7.190684218205307e-05,0.07190596977555465,0.9999999999999107,4.07352798325607e-05,3.297575033273225e-05,1.2132454607802608e-05
GradientDescent,8192,1349,,0.12692048184272808,2.1804396624812834,7.190596977555222e-05,0.07190509737564002,0.9999999999999106,4.073595077833731e-05,3.297643771497848e-05,1.2132510240126936e-05
GradientDescent,8192,1350,,0.12691531153106128,2.180367757849691,7.190509737564274e-05,0.07190422498230971,0.9999999999999107,4.073662179449484e-05,3.297712513201623e-05,1.2132565870181247e-05
GradientDescent,8192,1351,,0.12691014134485856,2.1802958540904074,7.190422498230956e-05,0.07190335259556394,0.9999999999999106,4.0737292769071e-05,3.297781258445925e-05,1.2132621497386404e-05
GradientDescent,8192,1352,,0.12690497128410572,2.180223951203426,7.190335259556085e-05,0.07190248021540284,0.9999999999999106,4.073796387002003e-05,3.297850007210663e-05,1.2132677122900285e-05
GradientDescent,8192,1353,,0.12689980134880985,2.1801520491887407,7.19024802154039e-05,0.0719016078418266,0.9999999999999107,4.073863492938953e-05,3.297918759475745e-05,1.2132732746143765e-05
GradientDescent,8192,1354,,0.1268946315389603,2.1800801480463448,7.190160784182863e-05,0.07190073547483541,0.9999999999999106,4.0739306087151194e-05,3.297987515261812e-05,1.2132788366923704e-05
GradientDescent,8192,1355,,0.12688946185456063,2.1800082477762315,7.190073547483365e-05,0.07189986311442949,0.9999999999999107,4.0739977231329065e-05,3.2980562745691415e-05,1.2132843985046955e-05
GradientDescent,8192,1356,,0.12688429229560727,2.1799363483783956,7.189986311442718e-05,0.07189899076060892,0.9999999999999105,4.074064841791535e-05,3.2981250373368964e-05,1.213289960205749e-05
GradientDescent,8192,1357,,0.12687912286209668,2.1798644498528277,7.189899076060875e-05,0.071898118413374,0.999999999999911,4.0741319646914374e-05,3.298193803748689e-05,1.2132955215252989e-05
GradientDescent,8192,1358,,0.12687395355402176,2.179792552199524,7.189811841337404e-05,0.07189724607272484,0.9999999999999108,4.074199094633125e-05,3.298262573560344e-05,1.2133010827142513e-05
GradientDescent,8192,1359,,0.1268687843713896,2.179720655418476,7.189724607272538e-05,0.07189637373866165,0.9999999999999105,4.074266220416721e-05,3.2983313469554776e-05,1.2133066436374818e-05
GradientDescent,8192,1360,,0.1268636153141931,2.179648759509678,7.189637373866231e-05,0.07189550141118457,0.9999999999999105,4.0743333532425134e-05,3.298400123852879e-05,1.2133122043721861e-05
GradientDescent,8192,1361,,0.12685844638242516,2.1795768644731237,7.189550141118098e-05,0.07189462909029384,0.9999999999999111,4.07440049311139e-05,3.2984689042528236e-05,1.2133177648218395e-05
GradientDescent,8192,1362,,0.12685327757609288,2.179504970308806,7.189462909029502e-05,0.07189375677598958,0.9999999999999108,4.074467628822108e-05,3.298537688196333e-05,1.2133233251215469e-05
GradientDescent,8192,1363,,0.1268481088951856,2.1794330770167183,7.189375677598787e-05,0.07189288446827201,0.9999999999999105,4.0745347743769697e-05,3.298606475642935e-05,1.2133288851361768e-05
GradientDescent,8192,1364,,0.12684294033970334,2.1793611845968544,7.189288446827014e-05,0.0718920121671413,0.9999999999999108,4.074601921375036e-05,3.2986752666132794e-05,1.2133344449236243e-05
GradientDescent,8192,1365,,0.12683777190964607,2.1792892930492074,7.18920121671386e-05,0.07189113987259764,0.9999999999999108,4.074669069816285e-05,3.2987440611076434e-05,1.2133400045031797e-05
GradientDescent,8192,1366,,0.1268326036050067,2.1792174023737716,7.189113987259875e-05,0.07189026758464122,0.9999999999999114,4.0747362253026724e-05,3.298812859085547e-05,1.2133455638169197e-05
GradientDescent,8192,1367,,0.12682743542578878,2.179145512570538,7.189026758464078e-05,0.07188939530327217,0.9999999999999112,4.074803379431777e-05,3.2988816606899095e-05,1.2133511229806542e-05
GradientDescent,8192,1368,,0.1268222673719852,2.1790736236395034,7.188939530327094e-05,0.07188852302849075,0.9999999999999111,4.074870540606775e-05,3.2989504656764727e-05,1.2133566818013306e-05
GradientDescent,8192,1369,,0.12681709944359598,2.1790017355806595,7.188852302849476e-05,0.07188765076029704,0.9999999999999107,4.074937703225891e-05,3.2990192742492906e-05,1.2133622405298901e-05
GradientDescent,8192,1370,,0.12681193164061755,2.178929848393999,7.188765076030129e-05,0.07188677849869134,0.9999999999999105,4.075004870090549e-05,3.2990880863678874e-05,1.2133677988960588e-05
GradientDescent,8192,1371,,0.12680676396304635,2.1788579620795163,7.188677849869184e-05,0.0718859062436737,0.9999999999999108,4.075072041201183e-05,3.29915690199178e-05,1.2133733571700882e-05
GradientDescent,8192,1372,,0.12680159641087885,2.1787860766372047,7.188590624367503e-05,0.07188503399524442,0.9999999999999112,4.075139216558228e-05,3.2992257211212424e-05,1.2133789151010032e-05
GradientDescent,8192,1373,,0.12679642898411858,2.1787141920670576,7.188503399524483e-05,0.07188416175340362,0.9999999999999114,4.075206390558538e-05,3.29929454377693e-05,1.2133844728432295e-05
GradientDescent,8192,1374,,0.1267912616827549,2.178642308369068,7.188416175340157e-05,0.07188328951815148,0.9999999999999112,4.075273574409248e-05,3.2993633699795025e-05,1.2133900303774505e-05
GradientDescent,8192,1375,,0.1267860945067949,2.17857042554323,7.188328951815354e-05,0.0718824172894882,0.9999999999999111,4.075340754101618e-05,3.299432199668088e-05,1.2133955876650421e-05
GradientDescent,8192,1376,,0.12678092745622438,2.178498543589537,7.188241728948907e-05,0.07188154506741395,0.9999999999999108,4.075407946447502e-05,3.299501032883727e-05,1.2134011447252967e-05
GradientDescent,8192,1377,,0.126775760531054,2.178426662507982,7.188154506741216e-05,0.07188067285192894,0.9999999999999108,4.0754751318329826e-05,3.299569869667466e-05,1.2134067015388953e-05
GradientDescent,8192,1378,,0.12677059373126953,2.1783547822985585,7.18806728519319e-05,0.07187980064303327,0.9999999999999108,4.0755423298731894e-05,3.299638709917658e-05,1.2134122582023575e-05
GradientDescent,8192,1379,,0.1267654270568781,2.17828290296126,7.187980064303158e-05,0.0718789284407272,0.9999999999999112,4.0756095237550784e-05,3.2997075537365035e-05,1.2134178145612185e-05
GradientDescent,8192,1380,,0.12676026050786904,2.17821102449608,7.187892844072959e-05,0.07187805624501091,0.9999999999999111,4.075676727490659e-05,3.299776401042736e-05,1.2134233706733834e-05
GradientDescent,8192,1381,,0.1267550940842459,2.178139146903012,7.187805624501028e-05,0.07187718405588452,0.9999999999999114,4.0757439298704655e-05,3.299845251897791e-05,1.2134289266546828e-05
GradientDescent,8192,1382,,0.12674992778600513,2.1780672701820487,7.187718405588616e-05,0.07187631187334827,0.9999999999999114,4.075811136499655e-05,3.299914106281558e-05,1.2134344823120322e-05
GradientDescent,8192,1383,,0.12674476161313963,2.1779953943331845,7.187631187335214e-05,0.0718754396974023,0.9999999999999111,4.0758783501815915e-05,3.299982964173926e-05,1.2134400377998768e-05
GradientDescent,8192,1384,,0.1267395955656494,2.177923519356412,7.187543969740083e-05,0.07187456752804683,0.9999999999999112,4.0759455653110756e-05,3.300051825615948e-05,1.2134455930216664e-05
GradientDescent,8192,1385,,0.12673442964353798,2.177851645251726,7.18745675280464e-05,0.07187369536528201,0.9999999999999112,4.0760127790849255e-05,3.300120690526342e-05,1.2134511480353112e-05
GradientDescent,8192,1386,,0.12672926384679117,2.177779772019118,7.187369536528137e-05,0.07187282320910802,0.999999999999911,4.076080005519033e-05,3.300189559027723e-05,1.213456702840799e-05
GradientDescent,8192,1387,,0.12672409817541963,2.1777078996585826,7.187282320910729e-05,0.07187195105952507,0.9999999999999116,4.0761472249914824e-05,3.300258431038809e-05,1.2134622573801917e-05
GradientDescent,8192,1388,,0.1267189326294127,2.1776360281701135,7.187195105952484e-05,0.07187107891653331,0.999999999999911,4.076214454321899e-05,3.300327306539482e-05,1.2134678117114017e-05
GradientDescent,8192,1389,,0.12671376720876681,2.177564157553703,7.187107891653233e-05,0.07187020678013294,0.9999999999999112,4.076281687904396e-05,3.3003961856319794e-05,1.2134733658151076e-05
GradientDescent,8192,1390,,0.12670860191348554,2.1774922878093452,7.187020678013302e-05,0.07186933465032413,0.9999999999999113,4.0763489201319464e-05,3.3004650681942224e-05,1.2134789196719873e-05
GradientDescent,8192,1391,,0.12670343674356177,2.1774204189370336,7.186933465032617e-05,0.07186846252710706,0.999999999999911,4.076416159415607e-05,3.300533954308058e-05,1.213484473339956e-05
GradientDescent,8192,1392,,0.1266982716989955,2.177348550936762,7.186846252710696e-05,0.07186759041048191,0.999999999999911,4.0764834001483506e-05,3.3006028439329764e-05,1.2134900267610732e-05
GradientDescent,8192,1393,,0.12669310677977963,2.1772766838085222,7.186759041048172e-05,0.07186671830044888,0.999999999999911,4.076550647938303e-05,3.3006717371304384e-05,1.2134955799160143e-05
GradientDescent,8192,1394,,0.1266879419859177,2.1772048175523095,7.186671830044926e-05,0.07186584619700813,0.9999999999999112,4.07661789437379e-05,3.300740633798745e-05,1.2135011329013172e-05
GradientDescent,8192,1395,,0.12668277731740973,2.1771329521681166,7.186584619700956e-05,0.07186497410015984,0.9999999999999115,4.0766851422586354e-05,3.300809534019753e-05,1.2135066856397292e-05
GradientDescent,8192,1396,,0.1266776127742415,2.177061087655937,7.186497410015818e-05,0.07186410200990419,0.9999999999999113,4.076752402810486e-05,3.3008784377733446e-05,1.213512238150547e-05
GradientDescent,8192,1397,,0.1266724483564201,2.176989224015763,7.18641020099058e-05,0.07186322992624139,0.9999999999999115,4.076819659203959e-05,3.300947345080196e-05,1.2135177903951358e-05
GradientDescent,8192,1398,,0.126667284063942,2.17691736124759,7.186322992623991e-05,0.0718623578491716,0.9999999999999115,4.076886919852056e-05,3.301016255858989e-05,1.2135233424507262e-05
GradientDescent,8192,1399,,0.12666211989679654,2.17684549935141,7.18623578491725e-05,0.07186148577869497,0.999999999999911,4.076954190364731e-05,3.301085170211994e-05,1.2135288942979957e-05
GradientDescent,8192,1400,,0.12665695585499437,2.176773638327217,7.186148577869561e-05,0.07186061371481173,0.9999999999999115,4.077021453914087e-05,3.3011540880782904e-05,1.2135344458789969e-05
GradientDescent,8192,1401,,0.12665179193852483,2.1767017781750044,7.186061371480998e-05,0.07185974165752204,0.999999999999911,4.0770887273286646e-05,3.301223009478554e-05,1.213539997232339e-05
GradientDescent,8192,1402,,0.12664662814738792,2.1766299188947653,7.185974165752217e-05,0.07185886960682607,0.999999999999911,4.077156002194502e-05,3.301291934413063e-05,1.213545548396634e-05
GradientDescent,8192,1403,,0.12664146448157654,2.176558060486493,7.18588696068248e-05,0.07185799756272401,0.9999999999999113,4.0772232841220136e-05,3.3013608628820936e-05,1.2135510992946205e-05
GradientDescent,8192,1404,,0.12663630094109424,2.1764862029501826,7.18579975627237e-05,0.07185712552521606,0.9999999999999112,4.077290564696096e-05,3.301429794824715e-05,1.2135566499649096e-05
GradientDescent,8192,1405,,0.12663113752593746,2.1764143462858248,7.185712552521368e-05,0.07185625349430236,0.9999999999999116,4.077357849527161e-05,3.3014987304044265e-05,1.2135622004461143e-05
GradientDescent,8192,1406,,0.12662597423609911,2.1763424904934148,7.185625349430431e-05,0.0718553814699831,0.9999999999999113,4.077425141421206e-05,3.3015676694378776e-05,1.2135677506802837e-05
GradientDescent,8192,1407,,0.12662081107158274,2.176270635572945,7.18553814699809e-05,0.07185450945225852,0.9999999999999115,4.0774924319620985e-05,3.3016366120477675e-05,1.2135733006287773e-05
GradientDescent,8192,1408,,0.12661564803238123,2.17619878152441,7.185450945226174e-05,0.0718536374411287,0.9999999999999113,4.0775597295667274e-05,3.3017055581527546e-05,1.2135788504654028e-05
GradientDescent,8192,1409,,0.1266104851184946,2.176126928347803,7.185363744112836e-05,0.07185276543659391,0.9999999999999113,4.077627028624178e-05,3.301774507773517e-05,1.2135843999583855e-05
GradientDescent,8192,1410,,0.12660532232992638,2.176055076043116,7.1852765436594e-05,0.07185189343865428,0.9999999999999115,4.077694326328408e-05,3.3018434610123675e-05,1.2135899493008487e-05
GradientDescent,8192,1411,,0.12660015966666238,2.175983224610344,7.185189343865676e-05,0.07185102144731002,0.9999999999999115,4.077761636709604e-05,3.30191241770633e-05,1.2135954983575825e-05
GradientDescent,8192,1412,,0.1265949971287026,2.175911374049481,7.185102144731142e-05,0.07185014946256126,0.9999999999999114,4.0778289485445857e-05,3.3019813779168966e-05,1.2136010472830884e-05
GradientDescent,8192,1413,,0.12658983471605056,2.175839524360517,7.185014946256138e-05,0.07184927748440825,0.999999999999911,4.0778962590269675e-05,3.3020503417872085e-05,1.2136065958455794e-05
GradientDescent,8192,1414,,0.12658467242870275,2.17576767554345,7.184927748440933e-05,0.0718484055128511,0.999999999999912,4.0779635737692236e-05,3.302119309011409e-05,1.2136121443154482e-05
GradientDescent,8192,1415,,0.12657951026665204,2.175695827598269,7.184840551284878e-05,0.07184753354789006,0.9999999999999114,4.0780308955783794e-05,3.3021882799571435e-05,1.2136176924415884e-05
GradientDescent,8192,1416,,0.126574348229902,2.175623980524971,7.184753354789067e-05,0.07184666158952525,0.9999999999999113,4.078098216035214e-05,3.3022572542981324e-05,1.2136232404171374e-05
GradientDescent,8192,1417,,0.12656918631844194,2.1755521343235484,7.184666158952576e-05,0.07184578963775687,0.999999999999912,4.078165546366525e-05,3.302326232177519e-05,1.2136287881648233e-05
GradientDescent,8192,1418,,0.12656402453227544,2.175480288993993,7.184578963775895e-05,0.07184491769258515,0.999999999999912,4.078232875345929e-05,3.302395213697644e-05,1.2136343355880524e-05
GradientDescent,8192,1419,,0.12655886287139895,2.1754084445362993,7.184491769258642e-05,0.07184404575401021,0.9999999999999114,4.0783002085870416e-05,3.302464198695492e-05,1.2136398828799703e-05
GradientDescent,8192,1420,,0.12655370133581245,2.1753366009504616,7.184404575400762e-05,0.07184317382203223,0.9999999999999113,4.078367543283137e-05,3.302533187191747e-05,1.2136454299439861e-05
GradientDescent,8192,1421,,0.12654853992550885,2.175264758236472,7.184317382203098e-05,0.07184230189665142,0.9999999999999114,4.078434885048748e-05,3.30260217926834e-05,1.2136509767414535e-05
GradientDescent,8192,1422,,0.12654337864048815,2.1751929163943253,7.184230189665081e-05,0.07184142997786797,0.999999999999912,4.078502228269984e-05,3.302671174843893e-05,1.2136565232916746e-05
GradientDescent,8192,1423,,0.12653821748074323,2.175121075424013,7.18414299778664e-05,0.07184055806568201,0.9999999999999111,4.078569578561837e-05,3.302740174020758e-05,1.2136620696719048e-05
GradientDescent,8192,1424,,0.12653305644627766,2.1750492353255306,7.184055806568149e-05,0.07183968616009373,0.999999999999912,4.078636927502337e-05,3.3028091766563054e-05,1.2136676158434988e-05
GradientDescent,8192,1425,,0.12652789553709143,2.1749773960988694,7.183968616008898e-05,0.07183881426110336,0.9999999999999113,4.078704277898741e-05,3.30287818291414e-05,1.2136731616905386e-05
GradientDescent,8192,1426,,0.12652273475317033,2.174905557744024,7.183881426110127e-05,0.07183794236871104,0.9999999999999116,4.078771640982427e-05,3.302947192651625e-05,1.2136787073868681e-05
GradientDescent,8192,1427,,0.12651757409452502,2.174833720260988,7.183794236871039e-05,0.07183707048291695,0.9999999999999117,4.0788389970994526e-05,3.303016205930286e-05,1.2136842528358871e-05
GradientDescent,8192,1428,,0.1265124135611484,2.174761883649755,7.183707048291551e-05,0.0718361986037213,0.9999999999999114,4.078906360288818e-05,3.303085222750402e-05,1.2136897980182636e-05
GradientDescent,8192,1429,,0.12650725315303335,2.174690047910318,7.183619860372085e-05,0.07183532673112422,0.9999999999999117,4.078973730551417e-05,3.3031542430918293e-05,1.2136953430498946e-05
GradientDescent,8192,1430,,0.12650209287018344,2.17461821304267,7.183532673112853e-05,0.07183445486512594,0.999999999999912,4.07904109946322e-05,3.3032232670161076e-05,1.2137008877955389e-05
GradientDescent,8192,1431,,0.12649693271259155,2.174546379046805,7.183445486512677e-05,0.07183358300572663,0.999999999999912,4.079108475449015e-05,3.3032922944418325e-05,1.2137064322938188e-05
GradientDescent,8192,1432,,0.12649177268026124,2.174474545922716,7.183358300572596e-05,0.07183271115292644,0.9999999999999116,4.0791758500840854e-05,3.303361325430545e-05,1.2137119766413176e-05
GradientDescent,8192,1433,,0.12648661277318185,2.1744027136703963,7.183271115292855e-05,0.07183183930672557,0.9999999999999116,4.079243234602558e-05,3.3034303599621025e-05,1.2137175207221084e-05
GradientDescent,8192,1434,,0.12648145299135338,2.17433088228984,7.183183930672577e-05,0.07183096746712422,0.9999999999999117,4.079310620579487e-05,3.303499397995936e-05,1.2137230645361767e-05
GradientDescent,8192,1435,,0.1264762933347794,2.1742590517810396,7.183096746712132e-05,0.07183009563412253,0.9999999999999116,4.0793780052059696e-05,3.3035684396344384e-05,1.2137286081994277e-05
GradientDescent,8192,1436,,0.12647113380345276,2.17418722214399,7.183009563412248e-05,0.07182922380772071,0.9999999999999116,4.0794453969085125e-05,3.303637484714499e-05,1.2137341515766104e-05
GradientDescent,8192,1437,,0.12646597439736995,2.1741153933786825,7.182922380771934e-05,0.07182835198791893,0.9999999999999112,4.0795127928789e-05,3.303706533461063e-05,1.2137396947449913e-05
GradientDescent,8192,1438,,0.12646081511653096,2.174043565485113,7.182835198791771e-05,0.07182748017471738,0.9999999999999117,4.079580190308345e-05,3.303775585608883e-05,1.2137452376659169e-05
GradientDescent,8192,1439,,0.12645565596093578,2.1739717384632726,7.18274801747159e-05,0.0718266083681162,0.9999999999999114,4.079647589196825e-05,3.303844641423769e-05,1.2137507804166573e-05
GradientDescent,8192,1440,,0.1264504969305702,2.173899912313156,7.1826608368117e-05,0.07182573656811561,0.9999999999999121,4.079715000782135e-05,3.30391370070174e-05,1.2137563229005963e-05
GradientDescent,8192,1441,,0.12644533802544844,2.1738280870347566,7.182573656811863e-05,0.0718248647747158,0.9999999999999124,4.079782402589538e-05,3.303982763545205e-05,1.2137618651370406e-05
GradientDescent,8192,1442,,0.12644017924555628,2.1737562626280678,7.182486477471364e-05,0.07182399298791693,0.9999999999999114,4.079849817094644e-05,3.304051829913586e-05,1.2137674071452982e-05
GradientDescent,8192,1443,,0.12643502059089728,2.173684439093082,7.182399298791814e-05,0.07182312120771915,0.9999999999999117,4.0799172302502764e-05,3.3041208998684486e-05,1.2137729490026437e-05
GradientDescent,8192,1444,,0.12642986206146434,2.1736126164297933,7.182312120771875e-05,0.07182224943412271,0.9999999999999117,4.079984650485693e-05,3.304189973348786e-05,1.2137784905158466e-05
GradientDescent,8192,1445,,0.1264247036572539,2.1735407946381957,7.182224943412032e-05,0.07182137766712773,0.9999999999999114,4.0800520749917616e-05,3.304259050334443e-05,1.2137840318974345e-05
GradientDescent,8192,1446,,0.1264195453782695,2.1734689737182817,7.182137766712712e-05,0.07182050590673443,0.9999999999999117,4.080119498148636e-05,3.304328130907418e-05,1.2137895729928183e-05
GradientDescent,8192,1447,,0.12641438722450404,2.173397153670045,7.182050590673487e-05,0.07181963415294293,0.9999999999999117,4.080186928386605e-05,3.3043972150067005e-05,1.2137951139372423e-05
GradientDescent,8192,1448,,0.1264092291959611,2.1733253344934793,7.181963415294322e-05,0.0718187624057535,0.9999999999999117,4.080254357275451e-05,3.304466302652997e-05,1.2138006545374663e-05
GradientDescent,8192,1449,,0.12640407129262998,2.1732535161885784,7.181876240575708e-05,0.07181789066516624,0.9999999999999117,4.080321796056638e-05,3.304535393805721e-05,1.2138061950060287e-05
GradientDescent,8192,1450,,0.12639891351451427,2.1731816987553345,7.181789066516728e-05,0.07181701893118136,0.9999999999999115,4.080389233489118e-05,3.304604488567315e-05,1.2138117352076561e-05
GradientDescent,8192,1451,,0.12639375586160684,2.1731098821937413,7.181701893118069e-05,0.07181614720379906,0.9999999999999118,4.080456678004556e-05,3.304673586856328e-05,1.2138172751809814e-05
GradientDescent,8192,1452,,0.1263885983339148,2.173038066503793,7.181614720379847e-05,0.07181527548301947,0.9999999999999117,4.0805241183605287e-05,3.304742688652599e-05,1.2138228149646397e-05
GradientDescent,8192,1453,,0.12638344093141685,2.172966251685483,7.181527548301947e-05,0.07181440376884282,0.9999999999999121,4.080591577043655e-05,3.304811794017711e-05,1.2138283544619987e-05
GradientDescent,8192,1454,,0.12637828365413073,2.1728944377388033,7.18144037688431e-05,0.07181353206126927,0.9999999999999121,4.080659023135011e-05,3.304880902951945e-05,1.2138338937696653e-05
GradientDescent,8192,1455,,0.1263731265020458,2.1728226246637488,7.181353206127057e-05,0.071812660360299,0.9999999999999117,4.080726479121676e-05,3.30495001539427e-05,1.2138394328296542e-05
GradientDescent,8192,1456,,0.12636796947515494,2.172750812460312,7.181266036029907e-05,0.07181178866593217,0.9999999999999118,4.080793942193716e-05,3.305019131406274e-05,1.2138449716999264e-05
GradientDescent,8192,1457,,0.1263628125734617,2.172679001128487,7.181178866593083e-05,0.071810916978169,0.9999999999999118,4.0808614039178166e-05,3.305088250947361e-05,1.213850510283845e-05
GradientDescent,8192,1458,,0.12635765579696256,2.1726071906682667,7.181091697816575e-05,0.07181004529700967,0.9999999999999117,4.080928869916534e-05,3.3051573740586866e-05,1.2138560486586962e-05
GradientDescent,8192,1459,,0.1263524991456575,2.172535381079645,7.181004529701236e-05,0.0718091736224543,0.9999999999999118,4.080996337378672e-05,3.305226500679211e-05,1.213861586863119e-05
GradientDescent,8192,1460,,0.12634734261953584,2.172463572362615,7.180917362245152e-05,0.07180830195450312,0.9999999999999117,4.081063814739454e-05,3.3052956308705315e-05,1.213867124781148e-05
GradientDescent,8192,1461,,0.1263421862186047,2.17239176451717,7.180830195450452e-05,0.07180743029315632,0.9999999999999117,4.081131287940921e-05,3.305364764612487e-05,1.2138726624514198e-05
GradientDescent,8192,1462,,0.12633702994285345,2.172319957543304,7.180743029315594e-05,0.07180655863841404,0.9999999999999118,4.081198771042022e-05,3.305433901884915e-05,1.2138781999705526e-05
GradientDescent,8192,1463,,0.1263318737922856,2.1722481514410092,7.180655863841062e-05,0.0718056869902765,0.9999999999999121,4.0812662527957444e-05,3.305503042749421e-05,1.213883737183924e-05
GradientDescent,8192,1464,,0.12632671776689408,2.1721763462102803,7.180568699027248e-05,0.07180481534874382,0.9999999999999117,4.081333741638228e-05,3.305572187104071e-05,1.2138892742461327e-05
GradientDescent,8192,1465,,0.12632156186667887,2.17210454185111,7.180481534874514e-05,0.07180394371381624,0.9999999999999124,4.0814012319457255e-05,3.305641335051357e-05,1.2138948110218795e-05
GradientDescent,8192,1466,,0.12631640609163997,2.1720327383634914,7.180394371381466e-05,0.07180307208549391,0.9999999999999122,4.081468723718217e-05,3.3057104865302286e-05,1.213900347588458e-05
GradientDescent,8192,1467,,0.12631125044177383,2.1719609357474194,7.180307208549415e-05,0.07180220046377703,0.9999999999999116,4.081536219768232e-05,3.305779641520517e-05,1.2139058839265288e-05
GradientDescent,8192,1468,,0.12630609491707334,2.1718891340028854,7.180220046377396e-05,0.07180132884866576,0.999999999999912,4.0816037229088746e-05,3.3058488001451756e-05,1.213911420036079e-05
GradientDescent,8192,1469,,0.12630093951754207,2.1718173331298845,7.1801328848667e-05,0.07180045724016029,0.999999999999912,4.081671224702699e-05,3.3059179622409154e-05,1.2139169559170957e-05
GradientDescent,8192,1470,,0.12629578424316934,2.171745533128409,7.180045724016204e-05,0.07179958563826079,0.9999999999999123,4.0817387364008083e-05,3.3059871279306925e-05,1.2139224915888945e-05
GradientDescent,8192,1471,,0.12629062909396582,2.1716737339984524,7.179958563825909e-05,0.07179871404296745,0.9999999999999122,4.081806241126496e-05,3.3060562971738954e-05,1.2139280270128058e-05
GradientDescent,8192,1472,,0.1262854740699173,2.1716019357400094,7.17987140429654e-05,0.07179784245428045,0.999999999999912,4.0818737585702396e-05,3.3061254699094546e-05,1.213933562208145e-05
GradientDescent,8192,1473,,0.12628031917102378,2.1715301383530714,7.179784245427843e-05,0.07179697087219997,0.999999999999912,4.0819412774808945e-05,3.3061946462807915e-05,1.2139390971748991e-05
GradientDescent,8192,1474,,0.12627516439728526,2.1714583418376328,7.179697087220011e-05,0.07179609929672617,0.9999999999999118,4.0820087978584405e-05,3.306263826165492e-05,1.2139446319323844e-05
GradientDescent,8192,1475,,0.12627000974870173,2.1713865461936876,7.179609929672613e-05,0.07179522772785925,0.999999999999912,4.082076319702856e-05,3.3063330095638315e-05,1.2139501664612595e-05
GradientDescent,8192,1476,,0.12626485522526254,2.1713147514212285,7.179522772786105e-05,0.07179435616559939,0.9999999999999125,4.082143851454874e-05,3.30640219655789e-05,1.2139557007421818e-05
GradientDescent,8192,1477,,0.12625970082697124,2.171242957520249,7.179435616559998e-05,0.07179348460994674,0.9999999999999126,4.0822113818610525e-05,3.306471387086596e-05,1.213961234833127e-05
GradientDescent,8192,1478,,0.12625454655382073,2.1711711644907425,7.179348460994704e-05,0.07179261306090154,0.9999999999999125,4.082278919362356e-05,3.306540581191131e-05,1.2139667686181036e-05
GradientDescent,8192,1479,,0.12624939240581812,2.171099372332703,7.17926130609013e-05,0.07179174151846393,0.9999999999999123,4.082346452703964e-05,3.306609778810418e-05,1.2139723022324073e-05
GradientDescent,8192,1480,,0.12624423838295273,2.171027581046123,7.179174151846316e-05,0.07179086998263406,0.999999999999912,4.0824139959551585e-05,3.306678980006093e-05,1.2139778356566974e-05
GradientDescent,8192,1481,,0.12623908448522103,2.1709557906309964,7.179086998263606e-05,0.07178999845341218,0.999999999999912,4.082481543488977e-05,3.306748184737528e-05,1.2139833687749781e-05
GradientDescent,8192,1482,,0.12623393071262656,2.170884001087316,7.178999845341215e-05,0.0717891269307984,0.9999999999999123,4.0825490896773124e-05,3.306817393066368e-05,1.2139889017225498e-05
GradientDescent,8192,1483,,0.12622877706516578,2.170812212415076,7.178912693079872e-05,0.07178825541479293,0.9999999999999125,4.0826166401484604e-05,3.306886604911072e-05,1.2139944344414089e-05
GradientDescent,8192,1484,,0.12622362354283156,2.1707404246142694,7.178825541479233e-05,0.071787383905396,0.9999999999999122,4.082684197717363e-05,3.306955820312828e-05,1.2139999668348844e-05
GradientDescent,8192,1485,,0.12621847014562393,2.1706686376848894,7.17873839053926e-05,0.07178651240260771,0.999999999999912,4.082751756755683e-05,3.307025039292375e-05,1.2140054991349404e-05
GradientDescent,8192,1486,,0.12621331687354287,2.17059685162693,7.178651240260747e-05,0.07178564090642825,0.999999999999912,4.082819317263397e-05,3.307094261788618e-05,1.2140110311675822e-05
GradientDescent,8192,1487,,0.12620816372658483,2.170525066440384,7.178564090642524e-05,0.07178476941685784,0.9999999999999123,4.0828868820553346e-05,3.3071634878836686e-05,1.2140165629327952e-05
GradientDescent,8192,1488,,0.1262030107047427,2.170453282125246,7.178476941685601e-05,0.07178389793389664,0.9999999999999123,4.082954453946897e-05,3.307232717455054e-05,1.214022094488562e-05
GradientDescent,8192,1489,,0.12619785780802006,2.170381498681508,7.17838979338925e-05,0.07178302645754481,0.9999999999999123,4.083022024493748e-05,3.3073019506667264e-05,1.214027625854203e-05
GradientDescent,8192,1490,,0.12619270503640978,2.170309716109164,7.178302645754351e-05,0.07178215498780256,0.9999999999999123,4.083089602140987e-05,3.3073711873962095e-05,1.214033156933043e-05
GradientDescent,8192,1491,,0.12618755238991541,2.170237934408207,7.178215498780052e-05,0.07178128352467006,0.9999999999999123,4.0831571784435875e-05,3.307440427705163e-05,1.2140386878217317e-05
GradientDescent,8192,1492,,0.12618239986852275,2.1701661535786307,7.178128352467234e-05,0.07178041206814748,0.9999999999999125,4.083224767478185e-05,3.307509671552945e-05,1.2140442184815916e-05
GradientDescent,8192,1493,,0.126177247472246,2.1700943736204286,7.178041206814882e-05,0.07177954061823502,0.9999999999999125,4.0832923467222936e-05,3.307578918960296e-05,1.2140497488739422e-05
GradientDescent,8192,1494,,0.12617209520107098,2.170022594533594,7.17795406182329e-05,0.07177866917493284,0.9999999999999126,4.0833599386992764e-05,3.307648169927495e-05,1.2140552790954385e-05
GradientDescent,8192,1495,,0.12616694305499765,2.1699508163181203,7.177866917493583e-05,0.07177779773824111,0.9999999999999123,4.083427532147881e-05,3.3077174244343585e-05,1.2140608090687334e-05
GradientDescent,8192,1496,,0.12616179103402247,2.169879038974001,7.177779773824204e-05,0.07177692630816006,0.9999999999999124,4.083495129883969e-05,3.307786682522094e-05,1.214066338774479e-05
GradientDescent,8192,1497,,0.12615663913814545,2.1698072625012297,7.177692630815724e-05,0.07177605488468979,0.9999999999999126,4.083562729091982e-05,3.307855944129586e-05,1.2140718683480026e-05
GradientDescent,8192,1498,,0.1261514873673666,2.1697354868997993,7.177605488469172e-05,0.07177518346783054,0.9999999999999124,4.083630329771899e-05,3.307925209338976e-05,1.2140773975959478e-05
GradientDescent,8192,1499,,0.12614633572167522,2.169663712169703,7.177518346782983e-05,0.07177431205758247,0.9999999999999123,4.083697940372383e-05,3.307994478109616e-05,1.2140829266729774e-05
GradientDescent,8192,1500,,0.1261411842010749,2.169591938310935,7.17743120575858e-05,0.07177344065394574,0.999999999999913,4.083765549629422e-05,3.3080637504008474e-05,1.2140884555404107e-05
GradientDescent,8192,1501,,0.12613603280556562,2.1695201653234886,7.177344065394868e-05,0.0717725692569206,0.9999999999999126,4.083833160358993e-05,3.3081330262743535e-05,1.214093984062887e-05
GradientDescent,8192,1502,,0.12613088153513674,2.169448393207357,7.177256925692574e-05,0.07177169786650715,0.9999999999999123,4.083900781010794e-05,3.308202305689478e-05,1.2140995124917526e-05
GradientDescent,8192,1503,,0.12612573038979535,2.169376621962533,7.177169786650399e-05,0.07177082648270561,0.9999999999999124,4.083968397502745e-05,3.3082715887079075e-05,1.2141050406336414e-05
GradientDescent,8192,1504,,0.1261205793695308,2.1693048515890108,7.177082648270458e-05,0.07176995510551616,0.9999999999999126,4.0840360239179194e-05,3.308340875227575e-05,1.2141105685272099e-05
GradientDescent,8192,1505,,0.1261154284743431,2.169233082086784,7.176995510551454e-05,0.07176908373493893,0.9999999999999124,4.084103651806924e-05,3.3084101653306375e-05,1.2141160962884634e-05
GradientDescent,8192,1506,,0.12611027770423222,2.1691613134558443,7.176908373493707e-05,0.07176821237097417,0.9999999999999126,4.0841712811697374e-05,3.308479459037851e-05,1.2141216237046894e-05
GradientDescent,8192,1507,,0.12610512705919108,2.169089545696187,7.176821237097368e-05,0.07176734101362202,0.9999999999999124,4.084238917640635e-05,3.3085487562471366e-05,1.2141271509499021e-05
GradientDescent,8192,1508,,0.12609997653922322,2.1690177788078056,7.176734101362342e-05,0.07176646966288265,0.9999999999999127,4.0843065527687275e-05,3.308618056999714e-05,1.2141326779854171e-05
GradientDescent,8192,1509,,0.1260948261443251,2.1689460127906917,7.176646966288625e-05,0.07176559831875629,0.9999999999999123,4.0843741921882906e-05,3.308687361398232e-05,1.2141382047338728e-05
GradientDescent,8192,1510,,0.12608967587448605,2.16887424764484,7.17655983187594e-05,0.07176472698124306,0.9999999999999117,4.084441841534751e-05,3.308756669299657e-05,1.2141437313112791e-05
GradientDescent,8192,1511,,0.12608452572971673,2.1688024833702437,7.176472698124392e-05,0.07176385565034314,0.9999999999999123,4.084509483903818e-05,3.308825980765689e-05,1.2141492576789503e-05
GradientDescent,8192,1512,,0.12607937571000294,2.168730719966896,7.176385565034508e-05,0.07176298432605675,0.9999999999999126,4.084577139018155e-05,3.308895295817083e-05,1.2141547837595219e-05
GradientDescent,8192,1513,,0.12607422581534822,2.168658957434791,7.176298432605944e-05,0.07176211300838406,0.9999999999999127,4.084644792790389e-05,3.308964614372216e-05,1.2141603096303317e-05
GradientDescent,8192,1514,,0.12606907604574547,2.168587195773921,7.176211300838402e-05,0.07176124169732523,0.9999999999999127,4.084712453673901e-05,3.3090339365747035e-05,1.2141658352913675e-05
GradientDescent,8192,1515,,0.12606392640119823,2.1685154349842803,7.176124169732732e-05,0.07176037039288047,0.9999999999999124,4.084780113215385e-05,3.309103262281489e-05,1.2141713606846008e-05
GradientDescent,8192,1516,,0.12605877688170297,2.1684436750658618,7.176037039287889e-05,0.07175949909504993,0.9999999999999126,4.084847777050728e-05,3.30917259157476e-05,1.2141768858873733e-05
GradientDescent,8192,1517,,0.12605362748725613,2.1683719160186588,7.175949909504997e-05,0.07175862780383378,0.9999999999999123,4.084915445180369e-05,3.309241924434321e-05,1.2141824108803346e-05
GradientDescent,8192,1518,,0.12604847821784704,2.168300157842665,7.175862780383389e-05,0.07175775651923225,0.9999999999999127,4.084983123241578e-05,3.309311260839972e-05,1.2141879355861144e-05
GradientDescent,8192,1519,,0.12604332907348637,2.168228400537874,7.175775651923041e-05,0.07175688524124547,0.9999999999999126,4.0850507943245384e-05,3.309380600812472e-05,1.214193460101396e-05
GradientDescent,8192,1520,,0.12603818005417056,2.1681566441042786,7.175688524124833e-05,0.0717560139698736,0.999999999999913,4.085118469702427e-05,3.3094499443725836e-05,1.2141989844455082e-05
GradientDescent,8192,1521,,0.12603303115988895,2.1680848885418724,7.175601396987109e-05,0.07175514270511692,0.9999999999999124,4.085186155013204e-05,3.309519291479625e-05,1.2142045084250386e-05
GradientDescent,8192,1522,,0.12602788239064155,2.1680131338506494,7.17551427051166e-05,0.07175427144697549,0.9999999999999127,4.0852538418016045e-05,3.3095886421338756e-05,1.2142100323107343e-05
GradientDescent,8192,1523,,0.12602273374642836,2.1679413800306024,7.175427144697683e-05,0.07175340019544958,0.9999999999999124,4.08532153006761e-05,3.30965799637658e-05,1.2142155558705003e-05
GradientDescent,8192,1524,,0.12601758522724582,2.1678696270817253,7.175340019544933e-05,0.0717525289505393,0.9999999999999127,4.0853892226303036e-05,3.309727354167052e-05,1.2142210792977286e-05
GradientDescent,8192,1525,,0.12601243683309038,2.1677978750040103,7.175252895053635e-05,0.07175165771224488,0.9999999999999127,4.0854569194901274e-05,3.3097967155670267e-05,1.2142266023989992e-05
GradientDescent,8192,1526,,0.1260072885639656,2.1677261237974523,7.175165771224714e-05,0.07175078648056649,0.9999999999999124,4.085524615008849e-05,3.309866080474361e-05,1.2142321253290256e-05
GradientDescent,8192,1527,,0.1260021404198608,2.1676543734620437,7.17507864805647e-05,0.07174991525550428,0.9999999999999125,4.085592320463792e-05,3.3099354489917586e-05,1.2142376480297729e-05
GradientDescent,8192,1528,,0.12599699240077245,2.167582623997778,7.174991525550427e-05,0.07174904403705845,0.9999999999999122,4.085660030217185e-05,3.310004821078534e-05,1.2142431705012282e-05
GradientDescent,8192,1529,,0.1259918445067112,2.167510875404649,7.174904403706057e-05,0.07174817282522916,0.9999999999999125,4.0857277329907444e-05,3.3100741966939906e-05,1.2142486927627203e-05
GradientDescent,8192,1530,,0.12598669673765928,2.16743912768265,7.174817282522991e-05,0.07174730162001662,0.9999999999999131,4.0857954513414386e-05,3.310143575879382e-05,1.2142542147562107e-05
GradientDescent,8192,1531,,0.1259815490936238,2.167367380831774,7.174730162001937e-05,0.07174643042142101,0.9999999999999128,4.0858631655321704e-05,3.310212958675968e-05,1.2142597365203695e-05
GradientDescent,8192,1532,,0.1259764015745941,2.167295634852015,7.17464304214198e-05,0.07174555922944247,0.9999999999999132,4.0859308896621324e-05,3.3102823450020745e-05,1.214265258113212e-05
GradientDescent,8192,1533,,0.1259712541805773,2.167223889743366,7.174555922944251e-05,0.07174468804408123,0.9999999999999128,4.0859986096319755e-05,3.3103517349194495e-05,1.2142707793993271e-05
GradientDescent,8192,1534,,0.12596610691156984,2.16715214550582,7.17446880440808e-05,0.07174381686533743,0.9999999999999124,4.08606633390153e-05,3.310421128407885e-05,1.214276300514101e-05
GradientDescent,8192,1535,,0.1259609597675575,2.1670804021393724,7.174381686533768e-05,0.07174294569321125,0.9999999999999127,4.0861340709323554e-05,3.3104905253856956e-05,1.2142818213994928e-05
GradientDescent,8192,1536,,0.1259558127485545,2.1670086596440137,7.17429456932156e-05,0.07174207452770287,0.9999999999999127,4.0862017981623714e-05,3.310559926058076e-05,1.2142873420748336e-05
GradientDescent,8192,1537,,0.12595066585454306,2.1669369180197386,7.174207452770304e-05,0.07174120336881251,0.9999999999999124,4.0862695409751427e-05,3.310629330240886e-05,1.2142928624433912e-05
GradientDescent,8192,1538,,0.12594551908553386,2.1668651772665415,7.174120336881334e-05,0.07174033221654028,0.9999999999999127,4.086337276807207e-05,3.3106987379548916e-05,1.2142983826985914e-05
GradientDescent,8192,1539,,0.12594037244151624,2.166793437384414,7.174033221654103e-05,0.07173946107088641,0.9999999999999132,4.086405022582163e-05,3.310768149302842e-05,1.2143039026276377e-05
GradientDescent,8192,1540,,0.12593522592248663,2.166721698373351,7.173946107088633e-05,0.07173858993185109,0.9999999999999128,4.086472772659475e-05,3.31083756418255e-05,1.2143094223465805e-05
GradientDescent,8192,1541,,0.1259300795284486,2.1666499602333453,7.173858993184733e-05,0.07173771879943444,0.9999999999999124,4.0865405213974574e-05,3.310906982635284e-05,1.2143149418940981e-05
GradientDescent,8192,1542,,0.12592493325939502,2.16657822296439,7.173771879943483e-05,0.07173684767363668,0.9999999999999125,4.086608277259166e-05,3.3109764046818216e-05,1.214320461173454e-05
GradientDescent,8192,1543,,0.12591978711532947,2.1665064865664787,7.173684767363492e-05,0.07173597655445797,0.9999999999999132,4.086676031781619e-05,3.311045830281452e-05,1.21432598024267e-05
GradientDescent,8192,1544,,0.12591464109623773,2.1664347510396045,7.173597655445932e-05,0.07173510544189853,0.9999999999999128,4.086743799071386e-05,3.311115259475451e-05,1.214331499043697e-05
GradientDescent,8192,1545,,0.12590949520213401,2.1663630163837615,7.173510544189674e-05,0.07173423433595849,0.9999999999999125,4.0868115565580884e-05,3.311184692202605e-05,1.2143370176539036e-05
GradientDescent,8192,1546,,0.12590434943300055,2.1662912825989427,7.173423433595408e-05,0.07173336323663805,0.9999999999999128,4.086879329634628e-05,3.3112541285246894e-05,1.2143425360345869e-05
GradientDescent,8192,1547,,0.1258992037888409,2.1662195496851417,7.173336323663661e-05,0.07173249214393737,0.9999999999999128,4.086947101372754e-05,3.3113235684009885e-05,1.2143480542050798e-05
GradientDescent,8192,1548,,0.12589405826965505,2.1661478176423503,7.173249214393728e-05,0.07173162105785666,0.9999999999999128,4.087014874593857e-05,3.311393011934283e-05,1.214353572107331e-05
GradientDescent,8192,1549,,0.12588891287543946,2.1660760864705653,7.173162105785637e-05,0.07173074997839607,0.9999999999999134,4.087082652119904e-05,3.3114624588788514e-05,1.2143590898187125e-05
GradientDescent,8192,1550,,0.12588376760618702,2.166004356169777,7.173074997839756e-05,0.07172987890555582,0.9999999999999128,4.0871504367734374e-05,3.3115319095424824e-05,1.2143646072424782e-05
GradientDescent,8192,1551,,0.1258786224619013,2.16593262673998,7.17298789055599e-05,0.07172900783933606,0.9999999999999128,4.087218220088709e-05,3.3116013636999474e-05,1.2143701244946961e-05
GradientDescent,8192,1552,,0.12587347744257515,2.165860898181168,7.172900783933554e-05,0.07172813677973694,0.9999999999999128,4.087286010532236e-05,3.3116708214540336e-05,1.2143756415366609e-05
GradientDescent,8192,1553,,0.12586833254820506,2.165789170493334,7.172813677973741e-05,0.07172726572675867,0.9999999999999132,4.087353805282472e-05,3.311740282784522e-05,1.2143811583296653e-05
GradientDescent,8192,1554,,0.12586318777879812,2.1657174436764706,7.172726572675728e-05,0.07172639468040144,0.9999999999999132,4.087421595872168e-05,3.311809747712199e-05,1.2143866748543472e-05
GradientDescent,8192,1555,,0.12585804313434013,2.1656457177305724,7.172639468039887e-05,0.07172552364066542,0.999999999999913,4.0874893992364554e-05,3.3118792161758326e-05,1.2143921911880848e-05
GradientDescent,8192,1556,,0.12585289861484172,2.1655739926556326,7.172552364066407e-05,0.07172465260755077,0.9999999999999126,4.087557195617601e-05,3.311948688216711e-05,1.2143977073115186e-05
GradientDescent,8192,1557,,0.1258477542202816,2.165502268451644,7.17246526075535e-05,0.07172378158105769,0.999999999999913,4.0876250104203853e-05,3.3120181638556234e-05,1.214403223185939e-05
GradientDescent,8192,1558,,0.12584260995067753,2.1654305451186002,7.172378158105647e-05,0.07172291056118633,0.9999999999999128,4.0876928125942833e-05,3.312087643072347e-05,1.2144087388500302e-05
GradientDescent,8192,1559,,0.12583746580601174,2.165358822656495,7.172291056118562e-05,0.07172203954793693,0.9999999999999135,4.087760630368372e-05,3.312157125846655e-05,1.2144142542263833e-05
GradientDescent,8192,1560,,0.12583232178629133,2.1652871010653216,7.172203954793668e-05,0.07172116854130961,0.9999999999999132,4.0878284439821486e-05,3.312226612178827e-05,1.2144197694504285e-05
GradientDescent,8192,1561,,0.1258271778915092,2.1652153803450727,7.172116854131072e-05,0.07172029754130457,0.9999999999999132,4.087896264728155e-05,3.312296102151179e-05,1.2144252844060589e-05
GradientDescent,8192,1562,,0.12582203412166182,2.1651436604957426,7.17202975413028e-05,0.071719426547922,0.9999999999999128,4.0879640897838075e-05,3.3123655956409424e-05,1.2144307991319591e-05
GradientDescent,8192,1563,,0.12581689047674915,2.165071941517325,7.171942654792404e-05,0.07171855556116204,0.9999999999999128,4.088031916325947e-05,3.312435092689411e-05,1.2144363136861667e-05
GradientDescent,8192,1564,,0.12581174695677477,2.165000223409812,7.171855556116227e-05,0.0717176845810249,0.9999999999999132,4.088099741530835e-05,3.312504593399422e-05,1.2144418279525693e-05
GradientDescent,8192,1565,,0.1258066035617209,2.1649285061731978,7.171768458102687e-05,0.07171681360751075,0.9999999999999125,4.0881675823409886e-05,3.312574097627682e-05,1.2144473420085538e-05
GradientDescent,8192,1566,,0.12580146029160177,2.1648567898074758,7.171681360751044e-05,0.07171594264061976,0.9999999999999128,4.088235413343161e-05,3.312643605436006e-05,1.2144528558734588e-05
GradientDescent,8192,1567,,0.12579631714640316,2.164785074312639,7.171594264062184e-05,0.07171507168035213,0.9999999999999132,4.088303257127997e-05,3.3127131168451876e-05,1.2144583694505177e-05
GradientDescent,8192,1568,,0.12579117412612506,2.164713359688681,7.171507168034982e-05,0.07171420072670802,0.999999999999913,4.088371102400606e-05,3.312782631814484e-05,1.2144638828364717e-05
GradientDescent,8192,1569,,0.12578603123077103,2.1646416459355953,7.17142007267085e-05,0.07171332977968763,0.9999999999999133,4.088438946336673e-05,3.312852150364689e-05,1.2144693959732548e-05
GradientDescent,8192,1570,,0.12578088846033042,2.1645699330533756,7.171332977968427e-05,0.0717124588392911,0.9999999999999132,4.0885068002333594e-05,3.31292167247557e-05,1.2144749089189083e-05
GradientDescent,8192,1571,,0.12577574581480677,2.1644982210420145,7.17124588392877e-05,0.07171158790551865,0.9999999999999132,4.0885746527939264e-05,3.312991198208955e-05,1.2144804215960134e-05
GradientDescent,8192,1572,,0.12577060329419654,2.164426509901506,7.171158790552012e-05,0.07171071697837045,0.999999999999913,4.088642509667176e-05,3.313060727483064e-05,1.2144859340626118e-05
GradientDescent,8192,1573,,0.1257654608984926,2.164354799631843,7.171071697836778e-05,0.07170984605784667,0.999999999999913,4.0887103736783076e-05,3.313130260380244e-05,1.2144914462993392e-05
GradientDescent,8192,1574,,0.12576031862769854,2.1642830902330195,7.17098460578473e-05,0.07170897514394743,0.9999999999999128,4.0887782363536074e-05,3.313199796798191e-05,1.2144969583835933e-05
GradientDescent,8192,1575,,0.12575517648180723,2.164211381705028,7.170897514394904e-05,0.07170810423667301,0.9999999999999133,4.088846106167558e-05,3.313269336860294e-05,1.2145024701218354e-05
GradientDescent,8192,1576,,0.12575003446082222,2.164139674047863,7.170810423667462e-05,0.07170723333602355,0.9999999999999133,4.0889139746457544e-05,3.313338880443724e-05,1.2145079816688725e-05
GradientDescent,8192,1577,,0.12574489256473287,2.164067967261517,7.170723333602345e-05,0.07170636244199921,0.999999999999913,4.0889818530885894e-05,3.3134084276513595e-05,1.2145134930246934e-05
GradientDescent,8192,1578,,0.12573975079353916,2.1639962613459836,7.170636244200033e-05,0.07170549155460021,0.9999999999999133,4.089049733021428e-05,3.313477978421923e-05,1.214519004092519e-05
GradientDescent,8192,1579,,0.12573460914724466,2.163924556301257,7.170549155460253e-05,0.07170462067382666,0.999999999999913,4.089117611618799e-05,3.313547532755695e-05,1.2145245150271642e-05
GradientDescent,8192,1580,,0.12572946762584225,2.163852852127329,7.170462067382992e-05,0.0717037497996788,0.9999999999999133,4.089185497356918e-05,3.313617090714522e-05,1.21453002563508e-05
GradientDescent,8192,1581,,0.1257243262293284,2.1637811488241945,7.170374979967779e-05,0.07170287893215678,0.9999999999999127,4.0892533874110096e-05,3.3136866522166015e-05,1.2145355360904375e-05
GradientDescent,8192,1582,,0.12571918495770307,2.1637094463918465,7.170287893215689e-05,0.07170200807126077,0.999999999999913,4.089321278955719e-05,3.313756217303256e-05,1.2145410462964548e-05
GradientDescent,8192,1583,,0.12571404381096274,2.1636377448302775,7.170200807126023e-05,0.07170113721699098,0.9999999999999131,4.089389174816939e-05,3.313825786015817e-05,1.2145465562531179e-05
GradientDescent,8192,1584,,0.12570890278910385,2.1635660441394817,7.17011372169904e-05,0.07170026636934755,0.9999999999999134,4.089457074995113e-05,3.313895358272474e-05,1.2145520660184783e-05
GradientDescent,8192,1585,,0.12570376189212995,2.1634943443194525,7.170026636934701e-05,0.07169939552833071,0.9999999999999131,4.0895249738383965e-05,3.313964934114554e-05,1.214557575495748e-05
GradientDescent,8192,1586,,0.12569862112002683,2.163422645370183,7.169939552833226e-05,0.07169852469394059,0.9999999999999134,4.089592885477602e-05,3.314034513562867e-05,1.2145630848204004e-05
GradientDescent,8192,1587,,0.1256934804728016,2.1633509472916663,7.169852469394212e-05,0.0716976538661774,0.9999999999999134,4.089660792956314e-05,3.314104096576644e-05,1.2145685938569355e-05
GradientDescent,8192,1588,,0.1256883399504507,2.1632792500838964,7.169765386617541e-05,0.07169678304504129,0.9999999999999136,4.089728704753057e-05,3.314173683176692e-05,1.214574102702118e-05
GradientDescent,8192,1589,,0.12568319955296703,2.1632075537468674,7.169678304504176e-05,0.07169591223053244,0.9999999999999131,4.089796623694881e-05,3.314243273322238e-05,1.2145796113365801e-05
GradientDescent,8192,1590,,0.12567805928035414,2.1631358582805706,7.16959122305284e-05,0.07169504142265107,0.9999999999999133,4.089864541302527e-05,3.314312867136734e-05,1.2145851196828842e-05
GradientDescent,8192,1591,,0.12567291913260847,2.163064163685001,7.16950414226522e-05,0.07169417062139731,0.9999999999999136,4.089932463229187e-05,3.314382464476764e-05,1.2145906278571547e-05
GradientDescent,8192,1592,,0.12566777910971938,2.1629924699601517,7.169417062139677e-05,0.07169329982677136,0.999999999999913,4.090000395129209e-05,3.3144520654041954e-05,1.2145961357819535e-05
GradientDescent,8192,1593,,0.12566263921169396,2.1629207771060157,7.169329982677172e-05,0.0716924290387734,0.999999999999913,4.090068322868621e-05,3.314521669939841e-05,1.214601643476624e-05
GradientDescent,8192,1594,,0.12565749943852866,2.162849085122587,7.169242903877734e-05,0.07169155825740359,0.9999999999999133,4.09013625492803e-05,3.3145912780429246e-05,1.2146071509798681e-05
GradientDescent,8192,1595,,0.12565235979021638,2.1627773940098574,7.169155825740238e-05,0.07169068748266214,0.9999999999999136,4.090204194135178e-05,3.314660889775322e-05,1.2146126581948865e-05
GradientDescent,8192,1596,,0.12564722026675712,2.162705703767822,7.169068748266127e-05,0.0716898167145492,0.9999999999999133,4.090272134836142e-05,3.314730505034657e-05,1.2146181652184528e-05
GradientDescent,8192,1597,,0.12564208086814732,2.1626340143964744,7.168981671455004e-05,0.07168894595306496,0.9999999999999133,4.0903400798584315e-05,3.3148001238828046e-05,1.2146236720118395e-05
GradientDescent,8192,1598,,0.12563694159438699,2.162562325895806,7.168894595306479e-05,0.07168807519820958,0.9999999999999133,4.0904080263748454e-05,3.314869746381653e-05,1.2146291786137505e-05
GradientDescent,8192,1599,,0.12563180244547256,2.1624906382658127,7.168807519820813e-05,0.07168720444998328,0.9999999999999136,4.090475977213126e-05,3.314939372387746e-05,1.2146346849080231e-05
GradientDescent,8192,1600,,0.12562666342140405,2.1624189515064858,7.168720444998092e-05,0.07168633370838619,0.9999999999999134,4.090543929545839e-05,3.3150090020451074e-05,1.2146401910495113e-05
GradientDescent,8192,1601,,0.1256215245221708,2.1623472656178198,7.168633370838499e-05,0.0716854629734185,0.9999999999999136,4.0906118918569454e-05,3.315078635251345e-05,1.2146456969414105e-05
GradientDescent,8192,1602,,0.1256163857477799,2.1622755805998075,7.16854629734205e-05,0.07168459224508043,0.9999999999999136,4.090679850007269e-05,3.3151482720683496e-05,1.2146512025643473e-05
GradientDescent,8192,1603,,0.12561124709822424,2.1622038964524433,7.168459224508296e-05,0.07168372152337212,0.999999999999914,4.090747815308763e-05,3.315217912434792e-05,1.2146567080151048e-05
GradientDescent,8192,1604,,0.12560610857350385,2.162132213175719,7.168372152337228e-05,0.07168285080829373,0.9999999999999134,4.090815782105655e-05,3.315287556453644e-05,1.2146622132355934e-05
GradientDescent,8192,1605,,0.1256009701736045,2.162060530769629,7.168285080829703e-05,0.07168198009984549,0.9999999999999137,4.090883761711749e-05,3.3153572040224996e-05,1.2146677181870802e-05
GradientDescent,8192,1606,,0.12559583189854395,2.1619888492341666,7.16819800998459e-05,0.07168110939802755,0.9999999999999136,4.090951728671731e-05,3.315426855182717e-05,1.2146732229276309e-05
GradientDescent,8192,1607,,0.12559069374830445,2.161917168569325,7.168110939802759e-05,0.07168023870284007,0.9999999999999132,4.091019711270143e-05,3.315496509934579e-05,1.2146787274765941e-05
GradientDescent,8192,1608,,0.12558555572288954,2.1618454887750977,7.168023870284048e-05,0.07167936801428325,0.9999999999999137,4.091087692536462e-05,3.31556616827837e-05,1.2146842317758764e-05
GradientDescent,8192,1609,,0.12558041782229568,2.1617738098514776,7.167936801427935e-05,0.07167849733235729,0.9999999999999137,4.0911556781280425e-05,3.3156358302349154e-05,1.2146897358061033e-05
GradientDescent,8192,1610,,0.1255752800465193,2.1617021317984593,7.167849733235756e-05,0.0716776266570623,0.9999999999999138,4.091223668045328e-05,3.315705495722329e-05,1.2146952397027877e-05
GradientDescent,8192,1611,,0.1255701423955604,2.1616304546160356,7.167762665706517e-05,0.07167675598839852,0.9999999999999132,4.091291659459614e-05,3.31577516482306e-05,1.214700743291669e-05
GradientDescent,8192,1612,,0.1255650048694119,2.1615587783041987,7.167675598839922e-05,0.07167588532636611,0.9999999999999134,4.091359658029413e-05,3.315844837578485e-05,1.2147062466889001e-05
GradientDescent,8192,1613,,0.12555986746807735,2.161487102862943,7.167588532636512e-05,0.07167501467096525,0.9999999999999134,4.091427655267485e-05,3.315914513865624e-05,1.2147117498363845e-05
GradientDescent,8192,1614,,0.12555473019155317,2.161415428292263,7.16750146709663e-05,0.07167414402219612,0.9999999999999132,4.0914956568323454e-05,3.315984193725844e-05,1.214717252772832e-05
GradientDescent,8192,1615,,0.12554959303983226,2.16134375459215,7.167414402219486e-05,0.07167327338005888,0.9999999999999137,4.0915636655540506e-05,3.316053877221066e-05,1.214722755478869e-05
GradientDescent,8192,1616,,0.12554445601291464,2.1612720817625988,7.167327338006094e-05,0.0716724027445537,0.9999999999999138,4.09163167577405e-05,3.316123564289936e-05,1.214728257993207e-05
GradientDescent,8192,1617,,0.12553931911080385,2.1612004098036017,7.167240274455189e-05,0.07167153211568082,0.9999999999999134,4.091699684662478e-05,3.3161932549738314e-05,1.2147337601996583e-05
GradientDescent,8192,1618,,0.12553418233348568,2.1611287387151537,7.167153211568478e-05,0.07167066149344037,0.9999999999999132,4.09176770636866e-05,3.316262949190846e-05,1.2147392622337475e-05
GradientDescent,8192,1619,,0.12552904568096723,2.1610570684972457,7.167066149344147e-05,0.0716697908778325,0.9999999999999137,4.091835723913966e-05,3.3163326471056455e-05,1.2147447640761009e-05
GradientDescent,8192,1620,,0.12552390915323786,2.1609853991498733,7.166979087783319e-05,0.07166892026885743,0.9999999999999137,4.091903751448416e-05,3.316402348513032e-05,1.2147502656298902e-05
GradientDescent,8192,1621,,0.12551877275030465,2.160913730673029,7.166892026885711e-05,0.07166804966651535,0.9999999999999134,4.091971774821838e-05,3.316472053557127e-05,1.2147557669531907e-05
GradientDescent,8192,1622,,0.12551363647215696,2.160842063066707,7.166804966651544e-05,0.07166717907080641,0.9999999999999132,4.092039808185408e-05,3.316541762156016e-05,1.2147612680847173e-05
GradientDescent,8192,1623,,0.12550850031879834,2.160770396330899,7.166717907080796e-05,0.07166630848173079,0.9999999999999135,4.092107840218337e-05,3.316611474433288e-05,1.2147667689857306e-05
GradientDescent,8192,1624,,0.1255033642902217,2.1606987304656,7.166630848173068e-05,0.07166543789928867,0.9999999999999138,4.092175879412109e-05,3.316681190224817e-05,1.2147722696562173e-05
GradientDescent,8192,1625,,0.125498228386427,2.1606270654708024,7.166543789929037e-05,0.07166456732348023,0.9999999999999138,4.092243920106091e-05,3.3167509096541964e-05,1.214777770096165e-05
GradientDescent,8192,1626,,0.1254930926074107,2.1605554013465005,7.166456732348082e-05,0.07166369675430566,0.9999999999999142,4.09231196513115e-05,3.316820632639499e-05,1.2147832702861951e-05
GradientDescent,8192,1627,,0.12548795695317638,2.1604837380926862,7.16636967543059e-05,0.07166282619176513,0.9999999999999135,4.0923800088257244e-05,3.3168903592837765e-05,1.2147887702650244e-05
GradientDescent,8192,1628,,0.1254828214237098,2.1604120757093543,7.166282619176205e-05,0.0716619556358588,0.9999999999999137,4.0924480653449276e-05,3.31696008946399e-05,1.2147942700520062e-05
GradientDescent,8192,1629,,0.1254776860190181,2.1603404141964972,7.166195563585772e-05,0.07166108508658688,0.9999999999999137,4.092516117703185e-05,3.317029823283193e-05,1.2147997695503012e-05
GradientDescent,8192,1630,,0.12547255073909414,2.160268753554109,7.166108508658717e-05,0.07166021454394951,0.9999999999999135,4.0925841772249546e-05,3.317099560659451e-05,1.2148052688760887e-05
GradientDescent,8192,1631,,0.12546741558393792,2.1601970937821835,7.166021454394713e-05,0.07165934400794688,0.9999999999999138,4.092652238248211e-05,3.3171693016341556e-05,1.2148107679712604e-05
GradientDescent,8192,1632,,0.12546228055354236,2.1601254348807126,7.165934400794641e-05,0.0716584734785792,0.9999999999999137,4.0927203064361004e-05,3.317239046248707e-05,1.2148162667777043e-05
GradientDescent,8192,1633,,0.125457145647911,2.1600537768496904,7.165847347858078e-05,0.07165760295584661,0.9999999999999135,4.092788373294436e-05,3.317308794441719e-05,1.2148217654309704e-05
GradientDescent,8192,1634,,0.12545201086704028,2.1599821196891105,7.165760295584581e-05,0.0716567324397493,0.9999999999999135,4.0928564444863636e-05,3.317378546213473e-05,1.2148272638342154e-05
GradientDescent,8192,1635,,0.12544687621092665,2.1599104633989668,7.165673243975244e-05,0.07165586193028743,0.9999999999999142,4.09292452001233e-05,3.31744830156425e-05,1.2148327620067927e-05
GradientDescent,8192,1636,,0.125441741679563,2.159838807979251,7.165586193028693e-05,0.07165499142746122,0.9999999999999142,4.092992602704825e-05,3.317518060576574e-05,1.214838259929322e-05
GradientDescent,8192,1637,,0.12543660727295647,2.159767153429958,7.165499142746461e-05,0.07165412093127081,0.9999999999999141,4.093060681236109e-05,3.317587823147932e-05,1.2148437576598917e-05
GradientDescent,8192,1638,,0.12543147299109636,2.1596954997510798,7.165412093127013e-05,0.07165325044171642,0.9999999999999136,4.0931287697666266e-05,3.3176575893608485e-05,1.2148492551210198e-05
GradientDescent,8192,1639,,0.1254263388339827,2.159623846942612,7.165325044171836e-05,0.07165237995879814,0.9999999999999142,4.093196859800569e-05,3.317727359071677e-05,1.2148547524482671e-05
GradientDescent,8192,1640,,0.12542120480161545,2.1595521950045455,7.165237995880132e-05,0.07165150948251627,0.9999999999999143,4.093264951337916e-05,3.31779713248632e-05,1.214860249409207e-05
GradientDescent,8192,1641,,0.1254160708939911,2.1594805439368754,7.165150948251838e-05,0.07165063901287089,0.9999999999999138,4.093333047211276e-05,3.3178669094405633e-05,1.2148657462556097e-05
GradientDescent,8192,1642,,0.12541093711110607,2.159408893739594,7.165063901287063e-05,0.07164976854986223,0.9999999999999138,4.093401147421094e-05,3.3179366900375074e-05,1.2148712428131496e-05
GradientDescent,8192,1643,,0.12540580345295682,2.1593372444126957,7.16497685498616e-05,0.07164889809349044,0.9999999999999133,4.093469251967816e-05,3.318006474174615e-05,1.2148767391786556e-05
GradientDescent,8192,1644,,0.1254006699195398,2.1592655959561733,7.164889809349314e-05,0.0716480276437557,0.9999999999999135,4.0935373608518865e-05,3.318076261954992e-05,1.2148822353133782e-05
GradientDescent,8192,1645,,0.12539553651085855,2.1591939483700195,7.164802764375484e-05,0.07164715720065819,0.9999999999999135,4.093605468407572e-05,3.318146053358361e-05,1.2148877312366737e-05
GradientDescent,8192,1646,,0.12539040322690598,2.1591223016542287,7.164715720065596e-05,0.07164628676419812,0.9999999999999133,4.093673583134006e-05,3.318215848323309e-05,1.2148932268516821e-05
GradientDescent,8192,1647,,0.12538527006767852,2.1590506558087945,7.164628676419682e-05,0.07164541633437559,0.9999999999999136,4.093741702198779e-05,3.318285646870682e-05,1.214898722390825e-05
GradientDescent,8192,1648,,0.12538013703317974,2.1589790108337086,7.164541633437428e-05,0.07164454591119085,0.9999999999999138,4.093809819935458e-05,3.318355449103605e-05,1.2149042175635451e-05
GradientDescent,8192,1649,,0.12537500412339897,2.158907366728966,7.16445459111899e-05,0.07164367549464408,0.9999999999999142,4.0938779476777774e-05,3.318425254857819e-05,1.2149097125247859e-05
GradientDescent,8192,1650,,0.12536987133834332,2.1588357234945597,7.164367549464551e-05,0.07164280508473538,0.9999999999999138,4.093946071258761e-05,3.3184950642364476e-05,1.214915207371388e-05
GradientDescent,8192,1651,,0.12536473867799858,2.158764081130483,7.164280508473754e-05,0.07164193468146501,0.9999999999999143,4.094014207680178e-05,3.318564877219207e-05,1.2149207018515235e-05
GradientDescent,8192,1652,,0.1253596061423754,2.158692439636729,7.164193468146746e-05,0.07164106428483312,0.9999999999999142,4.0940823371065526e-05,3.318634693806383e-05,1.2149261961782546e-05
GradientDescent,8192,1653,,0.12535447373145958,2.1586207990132915,7.16410642848313e-05,0.07164019389483989,0.999999999999914,4.094150479374601e-05,3.318704513998259e-05,1.2149316902547152e-05
GradientDescent,8192,1654,,0.12534934144525467,2.1585491592601636,7.16401938948399e-05,0.07163932351148546,0.999999999999914,4.0942186203154894e-05,3.318774337795121e-05,1.2149371841583778e-05
GradientDescent,8192,1655,,0.1253442092837571,2.1584775203773385,7.163932351148527e-05,0.07163845313477007,0.9999999999999146,4.094286765597236e-05,3.318844165197252e-05,1.214942677734258e-05
GradientDescent,8192,1656,,0.1253390772469669,2.1584058823648102,7.163845313477202e-05,0.07163758276469387,0.9999999999999138,4.094354912385922e-05,3.3189139961843646e-05,1.214948171156686e-05
GradientDescent,8192,1657,,0.12533394533487696,2.158334245222571,7.163758276469295e-05,0.071636712401257,0.999999999999914,4.094423066350492e-05,3.318983830818464e-05,1.214953664367536e-05
GradientDescent,8192,1658,,0.12532881354748726,2.1582626089506154,7.163671240125834e-05,0.07163584204445969,0.9999999999999143,4.09449122182266e-05,3.319053669017539e-05,1.2149591573086785e-05
GradientDescent,8192,1659,,0.1253236818847978,2.1581909735489364,7.163584204445948e-05,0.07163497169430211,0.9999999999999142,4.094559378802408e-05,3.319123510823021e-05,1.214964650018844e-05
GradientDescent,8192,1660,,0.1253185503468015,2.158119339017527,7.163497169430312e-05,0.07163410135078442,0.9999999999999143,4.094627542959378e-05,3.319193356255772e-05,1.2149701425173923e-05
GradientDescent,8192,1661,,0.12531341893349834,2.1580477053563816,7.163410135077998e-05,0.0716332310139068,0.999999999999914,4.0946957086245886e-05,3.3192632052543465e-05,1.2149756348043115e-05
GradientDescent,8192,1662,,0.12530828764488477,2.157976072565492,7.163323101390745e-05,0.07163236068366942,0.9999999999999142,4.0947638786330824e-05,3.3193330579219156e-05,1.214981126860216e-05
GradientDescent,8192,1663,,0.1253031564809608,2.1579044406448524,7.163236068367086e-05,0.07163149036007249,0.9999999999999137,4.094832050150129e-05,3.319402914155878e-05,1.2149866186463459e-05
GradientDescent,8192,1664,,0.1252980254417193,2.1578328095944572,7.163149036007177e-05,0.07163062004311614,0.9999999999999142,4.0949002288462975e-05,3.319472773956513e-05,1.2149921102789289e-05
GradientDescent,8192,1665,,0.12529289452716386,2.1577611794142975,7.163062004311412e-05,0.07162974973280058,0.9999999999999143,4.094968406216268e-05,3.319542637468162e-05,1.2149976016417116e-05
GradientDescent,8192,1666,,0.12528776373728734,2.1576895501043682,7.162974973279836e-05,0.07162887942912599,0.9999999999999143,4.0950365907661375e-05,3.3196125045058955e-05,1.2150030927540533e-05
GradientDescent,8192,1667,,0.1252826330720862,2.157617921664663,7.162887942912338e-05,0.07162800913209252,0.9999999999999145,4.095104779661174e-05,3.3196823751523135e-05,1.2150085836934385e-05
GradientDescent,8192,1668,,0.125277502531564,2.1575462940951744,7.162800913209197e-05,0.07162713884170038,0.9999999999999143,4.095172967230306e-05,3.319752249428284e-05,1.2150140743629827e-05
GradientDescent,8192,1669,,0.12527237211571007,2.157474667395896,7.162713884170107e-05,0.07162626855794973,0.999999999999914,4.0952411648165516e-05,3.319822127313512e-05,1.2150195648207962e-05
GradientDescent,8192,1670,,0.12526724182453153,2.1574030415668215,7.162626855795094e-05,0.07162539828084075,0.9999999999999144,4.0953093582413295e-05,3.3198920087876984e-05,1.215025055066867e-05
GradientDescent,8192,1671,,0.12526211165802126,2.157331416607944,7.162539828084328e-05,0.0716245280103736,0.9999999999999143,4.095377558848122e-05,3.319961893892295e-05,1.2150305450818075e-05
GradientDescent,8192,1672,,0.12525698161617216,2.1572597925192563,7.162452801037146e-05,0.0716236577465485,0.9999999999999144,4.0954457666378416e-05,3.320031782607004e-05,1.2150360348268533e-05
GradientDescent,8192,1673,,0.12525185169899133,2.1571881693007526,7.162365774654835e-05,0.07162278748936557,0.9999999999999146,4.095513970266039e-05,3.320101674911526e-05,1.2150415244182452e-05
GradientDescent,8192,1674,,0.12524672190646458,2.157116546952426,7.162278748936499e-05,0.07162191723882505,0.9999999999999141,4.095582186750504e-05,3.3201715708473155e-05,1.2150470137009644e-05
GradientDescent,8192,1675,,0.12524159223860254,2.157044925474269,7.162191723882581e-05,0.07162104699492707,0.9999999999999141,4.09565039623707e-05,3.320241470394074e-05,1.2150525028300055e-05
GradientDescent,8192,1676,,0.12523646269539457,2.1569733048662774,7.162104699492578e-05,0.07162017675767182,0.9999999999999144,4.0957186157444577e-05,3.320311373490323e-05,1.2150579916890995e-05
GradientDescent,8192,1677,,0.12523133327683356,2.1569016851284424,7.1620176757672e-05,0.07161930652705947,0.9999999999999143,4.095786842437237e-05,3.3203812802598705e-05,1.2150634803557387e-05
GradientDescent,8192,1678,,0.12522620398293371,2.1568300662607576,7.161930652705976e-05,0.07161843630309023,0.9999999999999141,4.095855059294795e-05,3.320451190641243e-05,1.2150689687524038e-05
GradientDescent,8192,1679,,0.12522107481367373,2.156758448263217,7.161843630308965e-05,0.07161756608576424,0.9999999999999143,4.0959232946856254e-05,3.3205211045935466e-05,1.2150744569565891e-05
GradientDescent,8192,1680,,0.12521594576906425,2.1566868311358136,7.16175660857613e-05,0.07161669587508168,0.9999999999999143,4.0959915230781196e-05,3.3205910221994224e-05,1.2150799449295286e-05
GradientDescent,8192,1681,,0.12521081684909463,2.156615214878541,7.161669587508241e-05,0.07161582567104276,0.9999999999999143,4.0960597614944816e-05,3.320660943376798e-05,1.2150854326518311e-05
GradientDescent,8192,1682,,0.12520568805376842,2.156543599491393,7.161582567104061e-05,0.07161495547364763,0.9999999999999143,4.096127998586546e-05,3.320730868167135e-05,1.215090920162239e-05
GradientDescent,8192,1683,,0.12520055938308206,2.1564719849743623,7.161495547364777e-05,0.07161408528289645,0.9999999999999143,4.096196240028834e-05,3.320800796591314e-05,1.2150964074801184e-05
GradientDescent,8192,1684,,0.12519543083702844,2.156400371327441,7.161408528289419e-05,0.07161321509878946,0.999999999999914,4.0962644886594096e-05,3.320870728690808e-05,1.2151018944891868e-05
GradientDescent,8192,1685,,0.12519030241561113,2.1563287585506257,7.161321509878962e-05,0.07161234492132676,0.9999999999999144,4.096332735965983e-05,3.320940664239378e-05,1.2151073813638369e-05
GradientDescent,8192,1686,,0.12518517411882302,2.156257146643907,7.161234492132594e-05,0.07161147475050855,0.9999999999999144,4.096400990461622e-05,3.3210106035462083e-05,1.2151128679877857e-05
GradientDescent,8192,1687,,0.1251800459466641,2.156185535607279,7.16114747505058e-05,0.07161060458633506,0.999999999999915,4.096469246471306e-05,3.321080546405649e-05,1.2151183543222612e-05
GradientDescent,8192,1688,,0.12517491789913082,2.156113925440736,7.161060458633817e-05,0.07160973442880643,0.9999999999999144,4.0965375068331006e-05,3.3211504928797664e-05,1.2151238404641446e-05
GradientDescent,8192,1689,,0.12516978997621964,2.15604231614427,7.160973442880493e-05,0.07160886427792283,0.9999999999999137,4.0966057715474524e-05,3.3212204429894426e-05,1.2151293263940455e-05
GradientDescent,8192,1690,,0.1251646621779341,2.155970707717875,7.16088642779232e-05,0.0716079941336844,0.9999999999999143,4.0966740349381776e-05,3.321290396714369e-05,1.2151348121507113e-05
GradientDescent,8192,1691,,0.12515953450426354,2.1558991001615446,7.160799413368139e-05,0.0716071239960914,0.9999999999999143,4.096742308358521e-05,3.321360354013636e-05,1.2151402975790904e-05
GradientDescent,8192,1692,,0.12515440695521152,2.1558274934752726,7.160712399609216e-05,0.07160625386514395,0.9999999999999138,4.0968105804556676e-05,3.32143031492872e-05,1.2151457828342087e-05
GradientDescent,8192,1693,,0.12514927953077093,2.1557558876590504,7.160625386514591e-05,0.07160538374084224,0.9999999999999142,4.096878859745128e-05,3.321500279542305e-05,1.2151512678579136e-05
GradientDescent,8192,1694,,0.12514415223094533,2.155684282712874,7.160538374084341e-05,0.07160451362318647,0.9999999999999146,4.096947137711472e-05,3.321570247648688e-05,1.2151567526308117e-05
GradientDescent,8192,1695,,0.1251390250557276,2.1556126786367344,7.160451362318771e-05,0.07160364351217677,0.9999999999999144,4.097015422870909e-05,3.321640219474745e-05,1.215162237230413e-05
GradientDescent,8192,1696,,0.12513389800511066,2.155541075430626,7.160364351217681e-05,0.07160277340781336,0.9999999999999142,4.097083715224351e-05,3.321710194876568e-05,1.2151677215404195e-05
GradientDescent,8192,1697,,0.1251287710791016,2.1554694730945427,7.160277340781203e-05,0.07160190331009637,0.9999999999999145,4.097152003416192e-05,3.3217801738750364e-05,1.2151732056964865e-05
GradientDescent,8192,1698,,0.1251236442776933,2.1553978716284776,7.160190331009881e-05,0.07160103321902606,0.9999999999999142,4.0972202988024684e-05,3.321850156491039e-05,1.215178689524168e-05
GradientDescent,8192,1699,,0.12511851760088222,2.1553262710324232,7.160103321902624e-05,0.07160016313460252,0.9999999999999144,4.097288598544731e-05,3.321920142766068e-05,1.2151841732172672e-05
GradientDescent,8192,1700,,0.12511339104867192,2.1552546713063734,7.160016313459849e-05,0.07159929305682594,0.9999999999999144,4.0973568969644696e-05,3.3219901326386026e-05,1.2151896566788641e-05
GradientDescent,8192,1701,,0.1251082646210553,2.1551830724503223,7.159929305682471e-05,0.07159842298569655,0.9999999999999151,4.097425202579986e-05,3.322060126088321e-05,1.2151951398507983e-05
GradientDescent,8192,1702,,0.12510313831802877,2.1551114744642614,7.15984229856976e-05,0.07159755292121449,0.9999999999999147,4.097493512552483e-05,3.3221301232391366e-05,1.2152006228299673e-05
GradientDescent,8192,1703,,0.12509801213959237,2.1550398773481865,7.159755292121305e-05,0.07159668286337993,0.9999999999999144,4.09756182404258e-05,3.322200123905891e-05,1.2152061055969776e-05
GradientDescent,8192,1704,,0.12509288608574254,2.154968281102089,7.159668286338239e-05,0.07159581281219307,0.9999999999999145,4.097630139890204e-05,3.32227012827432e-05,1.2152115881130502e-05
GradientDescent,8192,1705,,0.1250877601564757,2.154896685725963,7.159581281219332e-05,0.07159494276765409,0.9999999999999144,4.097698460095803e-05,3.322340136221074e-05,1.2152170703975547e-05
GradientDescent,8192,1706,,0.1250826343517919,2.154825091219802,7.159494276765414e-05,0.07159407272976315,0.9999999999999141,4.097766781819648e-05,3.3224101477876496e-05,1.2152225524698619e-05
GradientDescent,8192,1707,,0.125077508671684,2.1547534975836,7.159407272976301e-05,0.07159320269852038,0.9999999999999147,4.0978351107423076e-05,3.322480162953725e-05,1.2152280343881113e-05
GradientDescent,8192,1708,,0.12507238311615554,2.154681904817349,7.159320269851772e-05,0.07159233267392603,0.9999999999999148,4.097903438343467e-05,3.322550181781414e-05,1.215233515958452e-05
GradientDescent,8192,1709,,0.12506725768519944,2.1546103129210428,7.159233267392655e-05,0.07159146265598026,0.9999999999999148,4.097971773144221e-05,3.322620204229785e-05,1.2152389973553251e-05
GradientDescent,8192,1710,,0.12506213237881925,2.1545387218946748,7.159146265598012e-05,0.07159059264468325,0.9999999999999145,4.098040106623557e-05,3.322690230278516e-05,1.2152444785205662e-05
GradientDescent,8192,1711,,0.1250570071970043,2.154467131738239,7.159059264468484e-05,0.07158972264003517,0.9999999999999151,4.098108450144026e-05,3.322760259927889e-05,1.2152499594347777e-05
GradientDescent,8192,1712,,0.1250518821397617,2.154395542451728,7.158972264003354e-05,0.07158885264203617,0.9999999999999144,4.098176789502632e-05,3.3228302932194135e-05,1.2152554401948711e-05
GradientDescent,8192,1713,,0.12504675720707725,2.154323954035135,7.158885264203484e-05,0.07158798265068646,0.9999999999999144,4.0982451417443764e-05,3.322900330153378e-05,1.2152609206651396e-05
GradientDescent,8192,1714,,0.12504163239895805,2.1542523664884543,7.158798265068626e-05,0.07158711266598622,0.9999999999999145,4.0983134898244556e-05,3.3229703706682305e-05,1.215266400903724e-05
GradientDescent,8192,1715,,0.12503650771540054,2.1541807798116785,7.15871126659843e-05,0.07158624268793559,0.9999999999999142,4.0983818422655944e-05,3.323040414826096e-05,1.215271880968769e-05
GradientDescent,8192,1716,,0.1250313831563976,2.154109194004801,7.158624268793949e-05,0.07158537271653476,0.9999999999999147,4.098450201909583e-05,3.323110462606648e-05,1.215277360802106e-05
GradientDescent,8192,1717,,0.12502625872194573,2.1540376090678155,7.158537271653582e-05,0.07158450275178392,0.9999999999999148,4.098518565915877e-05,3.323180514010173e-05,1.2152828403649495e-05
GradientDescent,8192,1718,,0.12502113441204843,2.1539660250007153,7.158450275178486e-05,0.07158363279368327,0.9999999999999151,4.0985869286017776e-05,3.323250569016342e-05,1.2152883196960575e-05
GradientDescent,8192,1719,,0.12501601022669862,2.153894441803494,7.158363279368297e-05,0.07158276284223294,0.9999999999999145,4.098655298491874e-05,3.3233206276460545e-05,1.2152937988341907e-05
GradientDescent,8192,1720,,0.1250108861659034,2.153822859476145,7.158276284223273e-05,0.07158189289743311,0.9999999999999147,4.0987236642198505e-05,3.323390689899599e-05,1.2152992777793378e-05
GradientDescent,8192,1721,,0.12500576222964854,2.15375127801866,7.15818928974351e-05,0.07158102295928402,0.9999999999999145,4.098792042836301e-05,3.323460755839117e-05,1.2153047563763895e-05
GradientDescent,8192,1722,,0.12500063841793407,2.1536796974310346,7.158102295928018e-05,0.07158015302778575,0.9999999999999147,4.0988604229749115e-05,3.32353082529995e-05,1.2153102348967524e-05
GradientDescent,8192,1723,,0.12499551473075998,2.1536081177132607,7.158015302778749e-05,0.07157928310293855,0.9999999999999152,4.098928804635664e-05,3.3236008984679494e-05,1.21531571308838e-05
GradientDescent,8192,1724,,0.12499039116812627,2.153536538865333,7.15792831029375e-05,0.07157841318474259,0.9999999999999146,4.098997187818542e-05,3.323670975178448e-05,1.2153211910675827e-05
GradientDescent,8192,1725,,0.12498526773002938,2.153464960887243,7.157841318474221e-05,0.07157754327319799,0.9999999999999152,4.099065575365918e-05,3.323741055617316e-05,1.2153266688925132e-05
GradientDescent,8192,1726,,0.12498014441645866,2.153393383778986,7.157754327319567e-05,0.07157667336830499,0.9999999999999148,4.099133972963252e-05,3.3238111395992524e-05,1.2153321463886657e-05
GradientDescent,8192,1727,,0.12497502122742121,2.153321807540554,7.157667336830589e-05,0.07157580347006373,0.9999999999999148,4.099202366398814e-05,3.323881227227649e-05,1.2153376237305208e-05
GradientDescent,8192,1728,,0.12496989816290993,2.153250232171941,7.157580347006262e-05,0.07157493357847441,0.999999999999915,4.099270767042609e-05,3.323951318482171e-05,1.215343100801736e-05
GradientDescent,8192,1729,,0.12496477522292482,2.1531786576731404,7.157493357847489e-05,0.0715740636935372,0.9999999999999145,4.099339169209841e-05,3.324021413363106e-05,1.2153485776798526e-05
GradientDescent,8192,1730,,0.12495965240745877,2.153107084044145,7.157406369353619e-05,0.07157319381525225,0.9999999999999148,4.099407578586439e-05,3.324091511891365e-05,1.2153540543260807e-05
GradientDescent,8192,1731,,0.12495452971651888,2.153035511284948,7.157319381525299e-05,0.07157232394361979,0.999999999999915,4.0994759838009624e-05,3.3241616140259875e-05,1.2153595307016283e-05
GradientDescent,8192,1732,,0.12494940715009095,2.152963939395544,7.157232394362076e-05,0.07157145407863993,0.9999999999999148,4.099544401911693e-05,3.324231719767257e-05,1.2153650069228194e-05
GradientDescent,8192,1733,,0.12494428470818209,2.1528923683759262,7.157145407864024e-05,0.0715705842203129,0.9999999999999146,4.099612815860547e-05,3.3243018291360864e-05,1.2153704828733042e-05
GradientDescent,8192,1734,,0.12493916239078162,2.1528207982260867,7.15705842203149e-05,0.07156971436863885,0.9999999999999145,4.0996812398637686e-05,3.324371942174016e-05,1.2153759586112386e-05
GradientDescent,8192,1735,,0.12493404019789667,2.1527492289460195,7.156971436863526e-05,0.07156884452361796,0.999999999999915,4.099749659704964e-05,3.3244420588194543e-05,1.2153814341172203e-05
GradientDescent,8192,1736,,0.12492891812951301,2.152677660535718,7.156884452361645e-05,0.07156797468525043,0.9999999999999146,4.0998180924452126e-05,3.324512179093315e-05,1.215386909371845e-05
GradientDescent,8192,1737,,0.12492379618564131,2.1526060929951756,7.156797468524617e-05,0.07156710485353639,0.9999999999999148,4.099886518179846e-05,3.324582302975255e-05,1.2153923844720544e-05
GradientDescent,8192,1738,,0.12491867436626736,2.152534526324386,7.156710485353768e-05,0.07156623502847607,0.9999999999999146,4.099954956814781e-05,3.3246524304861896e-05,1.2153978592433172e-05
GradientDescent,8192,1739,,0.1249135526713947,2.152462960523342,7.156623502847506e-05,0.0715653652100696,0.999999999999915,4.100023394131759e-05,3.324722561647037e-05,1.2154033338795313e-05
GradientDescent,8192,1740,,0.12490843110102334,2.152391395592037,7.156536521006859e-05,0.0715644953983172,0.999999999999915,4.100091832974436e-05,3.3247926964374564e-05,1.2154088082255539e-05
GradientDescent,8192,1741,,0.12490330965514618,2.152319831530465,7.156449539831797e-05,0.07156362559321901,0.9999999999999148,4.1001602790313035e-05,3.3248628348371006e-05,1.2154142823977213e-05
GradientDescent,8192,1742,,0.1248981883337632,2.152248268338618,7.156362559321733e-05,0.07156275579477521,0.999999999999915,4.100228726614535e-05,3.3249329768875225e-05,1.2154197563184544e-05
GradientDescent,8192,1743,,0.12489306713686377,2.1521767060164914,7.156275579477388e-05,0.07156188600298598,0.9999999999999152,4.100297184257577e-05,3.3250031225271096e-05,1.215425230026524e-05
GradientDescent,8192,1744,,0.12488794606446207,2.1521051445640764,7.156188600298464e-05,0.07156101621785152,0.9999999999999153,4.1003656320495815e-05,3.3250732718593165e-05,1.2154307034637399e-05
GradientDescent,8192,1745,,0.12488282511654036,2.152033583981368,7.156101621785223e-05,0.07156014643937202,0.9999999999999148,4.1004340955911544e-05,3.325143424760628e-05,1.2154361766688731e-05
GradientDescent,8192,1746,,0.12487770429310219,2.1519620242683577,7.156014643937414e-05,0.07155927666754756,0.9999999999999148,4.100502557815586e-05,3.325213581375774e-05,1.2154416497582695e-05
GradientDescent,8192,1747,,0.124872583594144,2.1518904654250415,7.155927666754734e-05,0.07155840690237841,0.9999999999999152,4.100571024412302e-05,3.325283741498688e-05,1.2154471225185944e-05
GradientDescent,8192,1748,,0.12486746301966578,2.151818907451411,7.15584069023742e-05,0.07155753714386472,0.999999999999915,4.1006394925366796e-05,3.325353905336013e-05,1.2154525950855855e-05
GradientDescent,8192,1749,,0.124862342569664,2.1517473503474593,7.155753714386834e-05,0.07155666739200665,0.9999999999999148,4.100707965033891e-05,3.3254240728054966e-05,1.2154580674204435e-05
GradientDescent,8192,1750,,0.12485722224413154,2.151675794113181,7.155666739200837e-05,0.0715557976468044,0.9999999999999152,4.1007764447496904e-05,3.325494243866148e-05,1.2154635395231558e-05
GradientDescent,8192,1751,,0.12485210204307196,2.1516042387485683,7.155579764680169e-05,0.07155492790825814,0.9999999999999148,4.100844923148731e-05,3.325564418600807e-05,1.2154690114131035e-05
GradientDescent,8192,1752,,0.12484698196647814,2.1515326842536155,7.155492790825633e-05,0.07155405817636802,0.9999999999999147,4.100913408767142e-05,3.325634596927207e-05,1.2154744830902744e-05
GradientDescent,8192,1753,,0.12484186201435366,2.1514611306283147,7.155405817636794e-05,0.07155318845113426,0.999999999999915,4.100981893068878e-05,3.325704778948834e-05,1.2154799544964722e-05
GradientDescent,8192,1754,,0.12483674218669139,2.151389577872661,7.155318845113698e-05,0.07155231873255702,0.9999999999999152,4.1010503845907686e-05,3.325774964521493e-05,1.2154854256898668e-05
GradientDescent,8192,1755,,0.12483162248349133,2.1513180259866465,7.155231873255639e-05,0.07155144902063647,0.999999999999915,4.101118877641954e-05,3.3258451537693147e-05,1.2154908966704462e-05
GradientDescent,8192,1756,,0.12482650290474995,2.151246474970265,7.155144902063784e-05,0.07155057931537277,0.9999999999999147,4.101187375068423e-05,3.325915346651306e-05,1.2154963674381985e-05
GradientDescent,8192,1757,,0.12482138345046012,2.1511749248235095,7.155057931537282e-05,0.07154970961676613,0.999999999999915,4.101255879716747e-05,3.325985543167754e-05,1.2155018379543198e-05
GradientDescent,8192,1758,,0.12481626412062896,2.151103375546373,7.154970961676692e-05,0.07154883992481668,0.9999999999999151,4.101324380202891e-05,3.326055743339592e-05,1.2155073082769841e-05
GradientDescent,8192,1759,,0.12481114491524581,2.15103182713885,7.154883992481781e-05,0.07154797023952464,0.9999999999999151,4.101392890757678e-05,3.326125947105176e-05,1.2155127783479917e-05
GradientDescent,8192,1760,,0.12480602583431422,2.150960279600933,7.15479702395258e-05,0.07154710056089018,0.9999999999999156,4.101461399996607e-05,3.3261961545267235e-05,1.2155182481673284e-05
GradientDescent,8192,1761,,0.12480090687782353,2.1508887329326165,7.154710056089221e-05,0.07154623088891349,0.9999999999999147,4.101529919305546e-05,3.326266365542588e-05,1.2155237177737738e-05
GradientDescent,8192,1762,,0.12479578804578084,2.1508171871338924,7.15462308889143e-05,0.07154536122359469,0.9999999999999151,4.101598434452356e-05,3.3263365802562865e-05,1.2155291872061094e-05
GradientDescent,8192,1763,,0.12479066933817906,2.150745642204755,7.154536122359454e-05,0.07154449156493399,0.9999999999999151,4.1016669568233725e-05,3.3264067985648766e-05,1.2155346563673394e-05
GradientDescent,8192,1764,,0.12478555075501463,2.150674098145197,7.154449156493408e-05,0.07154362191293158,0.9999999999999154,4.101735483572575e-05,3.3264770205305857e-05,1.2155401252962434e-05
GradientDescent,8192,1765,,0.12478043229628755,2.1506025549552117,7.154362191293166e-05,0.07154275226758763,0.9999999999999147,4.1018040118533576e-05,3.326547246133056e-05,1.2155455939928083e-05
GradientDescent,8192,1766,,0.12477531396199426,2.150531012634793,7.154275226758851e-05,0.07154188262890229,0.9999999999999153,4.101872544512877e-05,3.326617475351925e-05,1.2155510625152151e-05
GradientDescent,8192,1767,,0.12477019575213477,2.1504594711839347,7.154188262890289e-05,0.07154101299687576,0.9999999999999151,4.1019410787042946e-05,3.3266877082081296e-05,1.2155565307664627e-05
GradientDescent,8192,1768,,0.12476507766669842,2.150387930602629,7.154101299687873e-05,0.07154014337150821,0.9999999999999151,4.102009622969811e-05,3.326757944722608e-05,1.215561998804731e-05
GradientDescent,8192,1769,,0.12475995970568876,2.15031639089087,7.154014337150871e-05,0.07153927375279981,0.9999999999999153,4.102078165920721e-05,3.326828184854349e-05,1.2155674666300082e-05
GradientDescent,8192,1770,,0.12475484186910579,2.1502448520486506,7.153927375280105e-05,0.07153840414075077,0.9999999999999154,4.102146710404181e-05,3.3268984286449405e-05,1.2155729341646867e-05
GradientDescent,8192,1771,,0.12474972415694596,2.1501733140759645,7.153840414075125e-05,0.07153753453536123,0.9999999999999151,4.1022152592679304e-05,3.32696867605337e-05,1.2155784015445443e-05
GradientDescent,8192,1772,,0.12474460656920217,2.150101776972805,7.153753453536125e-05,0.07153666493663134,0.9999999999999156,4.102283815360292e-05,3.327038927100575e-05,1.2155838687113735e-05
GradientDescent,8192,1773,,0.1247394891058744,2.150030240739165,7.153666493663059e-05,0.07153579534456135,0.9999999999999151,4.102352372986206e-05,3.327109181807499e-05,1.2155893355681646e-05
GradientDescent,8192,1774,,0.12473437176696267,2.149958705375039,7.153579534455985e-05,0.07153492575915137,0.9999999999999154,4.102420932145654e-05,3.327179440112467e-05,1.2155948022894987e-05
GradientDescent,8192,1775,,0.12472925455246342,2.149887170880419,7.153492575915355e-05,0.07153405618040164,0.9999999999999154,4.102489495686845e-05,3.3272497021190415e-05,1.2156002686813673e-05
GradientDescent,8192,1776,,0.1247241374623731,2.1498156372552994,7.153405618040051e-05,0.07153318660831226,0.9999999999999157,4.1025580636102297e-05,3.327319967682924e-05,1.2156057349571556e-05
GradientDescent,8192,1777,,0.1247190204966846,2.1497441044996726,7.153318660831008e-05,0.07153231704288347,0.9999999999999147,4.102626638764715e-05,3.327390236969648e-05,1.2156112009228509e-05
GradientDescent,8192,1778,,0.12471390365540147,2.149672572613533,7.153231704288278e-05,0.0715314474841154,0.9999999999999153,4.102695212605499e-05,3.327460509834909e-05,1.2156166667336425e-05
GradientDescent,8192,1779,,0.12470878693852727,2.149601041596873,7.15314474841193e-05,0.07153057793200826,0.9999999999999151,4.102763785132097e-05,3.327530786361622e-05,1.2156221322537142e-05
GradientDescent,8192,1780,,0.12470367034604779,2.1495295114496864,7.153057793200729e-05,0.07152970838656221,0.9999999999999154,4.1028323705880644e-05,3.327601066550077e-05,1.2156275975800562e-05
GradientDescent,8192,1781,,0.12469855387796658,2.1494579821719664,7.152970838656555e-05,0.07152883884777743,0.9999999999999154,4.102900954730631e-05,3.327671350359245e-05,1.2156330626738544e-05
GradientDescent,8192,1782,,0.12469343753427298,2.149386453763707,7.152883884777654e-05,0.07152796931565408,0.9999999999999156,4.10296954895548e-05,3.327741637789413e-05,1.2156385275544973e-05
GradientDescent,8192,1783,,0.1246883213149812,2.1493149262249007,7.152796931565463e-05,0.07152709979019238,0.9999999999999152,4.1030381333198876e-05,3.327811928882189e-05,1.215643992163767e-05
GradientDescent,8192,1784,,0.12468320522006993,2.149243399555541,7.152709979019563e-05,0.07152623027139245,0.9999999999999154,4.1031067363147227e-05,3.327882223637865e-05,1.2156494566180618e-05
GradientDescent,8192,1785,,0.12467808924955337,2.1491718737556216,7.15262302713959e-05,0.07152536075925452,0.9999999999999152,4.10317532944885e-05,3.327952521994743e-05,1.215654920762153e-05
GradientDescent,8192,1786,,0.12467297340341732,2.1491003488251352,7.152536075925595e-05,0.07152449125377869,0.9999999999999152,4.103243935516458e-05,3.328022824035761e-05,1.21566038479005e-05
GradientDescent,8192,1787,,0.12466785768165822,2.1490288247640765,7.152449125377885e-05,0.07152362175496521,0.9999999999999154,4.103312545970521e-05,3.3280931296578923e-05,1.215665848488314e-05
GradientDescent,8192,1788,,0.12466274208428674,2.148957301572437,7.152362175496137e-05,0.07152275226281422,0.9999999999999155,4.10338114941252e-05,3.32816343900607e-05,1.2156713120121519e-05
GradientDescent,8192,1789,,0.12465762661128865,2.1488857792502114,7.152275226281713e-05,0.07152188277732595,0.9999999999999151,4.1034497657900546e-05,3.3282337519359376e-05,1.2156767752451336e-05
GradientDescent,8192,1790,,0.12465251126266752,2.1488142577973925,7.152188277732816e-05,0.07152101329850048,0.9999999999999152,4.1035183808550956e-05,3.328304068530438e-05,1.215682238361875e-05
GradientDescent,8192,1791,,0.12464739603841268,2.1487427372139747,7.152101329850328e-05,0.07152014382633805,0.9999999999999155,4.103587006007535e-05,3.3283743887278646e-05,1.2156877011877348e-05
GradientDescent,8192,1792,,0.12464228093853125,2.14867121749995,7.152014382633606e-05,0.07151927436083882,0.9999999999999154,4.1036556269977046e-05,3.328444712631836e-05,1.2156931637809091e-05
GradientDescent,8192,1793,,0.12463716596301966,2.1485996986553118,7.151927436083836e-05,0.07151840490200298,0.9999999999999154,4.103724252375637e-05,3.328515040159978e-05,1.2156986261607888e-05
GradientDescent,8192,1794,,0.12463205111187081,2.148528180680054,7.151840490200449e-05,0.0715175354498307,0.9999999999999154,4.103792884992228e-05,3.328585371333245e-05,1.2157040883079578e-05
GradientDescent,8192,1795,,0.12462693638508826,2.1484566635741698,7.151753544983245e-05,0.07151666600432213,0.9999999999999152,4.1038615162967125e-05,3.328655706131257e-05,1.2157095502418074e-05
GradientDescent,8192,1796,,0.1246218217826578,2.148385147337653,7.151666600432268e-05,0.07151579656547746,0.9999999999999151,4.103930160542001e-05,3.32872604457497e-05,1.2157150119623254e-05
GradientDescent,8192,1797,,0.12461670730459007,2.148313631970496,7.15157965654789e-05,0.07151492713329688,0.9999999999999155,4.1039987977743776e-05,3.328796386706015e-05,1.2157204734306896e-05
GradientDescent,8192,1798,,0.12461159295087798,2.1482421174726927,7.151492713329386e-05,0.07151405770778059,0.9999999999999152,4.104067442246988e-05,3.3288667324420004e-05,1.2157259346274801e-05
GradientDescent,8192,1799,,0.12460647872151087,2.1481706038442367,7.151405770778193e-05,0.0715131882889287,0.9999999999999152,4.10413609681178e-05,3.328937081824554e-05,1.215731395688522e-05
GradientDescent,8192,1800,,0.1246013646164994,2.148099091085121,7.15131882889283e-05,0.07151231887674141,0.9999999999999155,4.104204744363262e-05,3.329007434874638e-05,1.2157368565167773e-05
GradientDescent,8192,1801,,0.12459625063584001,2.148027579195339,7.15123188767384e-05,0.07151144947121892,0.9999999999999154,4.104273396305069e-05,3.329077791551197e-05,1.2157423170540143e-05
GradientDescent,8192,1802,,0.12459113677951494,2.1479560681748837,7.151144947121794e-05,0.07151058007236138,0.9999999999999157,4.104342064043176e-05,3.32914815191654e-05,1.2157477773972492e-05
GradientDescent,8192,1803,,0.12458602304754196,2.147884558023749,7.15105800723624e-05,0.07150971068016898,0.9999999999999154,4.10441071906493e-05,3.3292185158882624e-05,1.215753237527064e-05
GradientDescent,8192,1804,,0.1245809094399033,2.1478130487419285,7.150971068016891e-05,0.07150884129464191,0.9999999999999157,4.104479389884123e-05,3.329288883487323e-05,1.2157586973852262e-05
GradientDescent,8192,1805,,0.12457579595660251,2.1477415403294144,7.150884129464225e-05,0.07150797191578029,0.9999999999999157,4.1045480593926876e-05,3.3293592547967136e-05,1.2157641571075704e-05
GradientDescent,8192,1806,,0.12457068259763959,2.1476700327862006,7.150797191578324e-05,0.07150710254358435,0.9999999999999161,4.104616730441989e-05,3.329429629734024e-05,1.2157696165194221e-05
GradientDescent,8192,1807,,0.12456556936300744,2.147598526112281,7.15071025435833e-05,0.07150623317805425,0.9999999999999157,4.104685408735944e-05,3.329500008278864e-05,1.2157750757178026e-05
GradientDescent,8192,1808,,0.12456045625270962,2.1475270203076486,7.150623317804971e-05,0.07150536381919016,0.9999999999999157,4.104754085719223e-05,3.3295703905142296e-05,1.2157805347221073e-05
GradientDescent,8192,1809,,0.12455534326673545,2.1474555153722967,7.150536381919022e-05,0.07150449446699225,0.9999999999999157,4.104822772800144e-05,3.3296407763783786e-05,1.215785993493509e-05
GradientDescent,8192,1810,,0.1245502304050885,2.1473840113062184,7.150449446699077e-05,0.07150362512146073,0.9999999999999155,4.104891458570826e-05,3.329711165912958e-05,1.2157914519931779e-05
GradientDescent,8192,1811,,0.12454511766776166,2.1473125081094073,7.150362512146082e-05,0.07150275578259573,0.9999999999999155,4.104960151588087e-05,3.3297815590768976e-05,1.2157969103375504e-05
GradientDescent,8192,1812,,0.12454000505475848,2.1472410057818565,7.150275578259728e-05,0.07150188645039744,0.9999999999999155,4.105028843295196e-05,3.3298519559118485e-05,1.2158023684101644e-05
GradientDescent,8192,1813,,0.12453489256607186,2.1471695043235606,7.150188645039836e-05,0.07150101712486606,0.9999999999999157,4.105097542249673e-05,3.329922356335374e-05,1.2158078262498232e-05
GradientDescent,8192,1814,,0.12452978020169825,2.1470980037345115,7.150101712486146e-05,0.07150014780600175,0.9999999999999153,4.105166245599653e-05,3.329992760471851e-05,1.2158132838759227e-05
GradientDescent,8192,1815,,0.12452466796164119,2.1470265040147023,7.150014780599958e-05,0.07149927849380466,0.9999999999999153,4.105234947639784e-05,3.330063168280211e-05,1.2158187413078601e-05
GradientDescent,8192,1816,,0.12451955584589358,2.146955005164127,7.149927849380205e-05,0.071498409188275,0.9999999999999155,4.105303656928641e-05,3.330133579698694e-05,1.2158241984679857e-05
GradientDescent,8192,1817,,0.12451444385445543,2.146883507182779,7.149840918827293e-05,0.07149753988941292,0.9999999999999153,4.1053723677608725e-05,3.3302039947689546e-05,1.2158296554533342e-05
GradientDescent,8192,1818,,0.12450933198731962,2.146812010070652,7.149753988941542e-05,0.0714966705972186,0.9999999999999158,4.105441085842969e-05,3.3302744134912815e-05,1.2158351121668442e-05
GradientDescent,8192,1819,,0.1245042202444897,2.146740513827739,7.149667059722007e-05,0.07149580131169225,0.9999999999999162,4.1055098026157394e-05,3.330344835865965e-05,1.2158405686473218e-05
GradientDescent,8192,1820,,0.12449910862595859,2.1466690184540327,7.14958013116923e-05,0.07149493203283402,0.9999999999999162,4.105578526639165e-05,3.3304152619139804e-05,1.2158460249141642e-05
GradientDescent,8192,1821,,0.12449399713172626,2.146597523949527,7.14949320328354e-05,0.07149406276064406,0.9999999999999158,4.105647252206955e-05,3.3304856915942466e-05,1.2158514810061815e-05
GradientDescent,8192,1822,,0.12448888576178918,2.146526030314216,7.149406276064678e-05,0.0714931934951226,0.9999999999999158,4.1057159821728175e-05,3.33055612490705e-05,1.2158569367680742e-05
GradientDescent,8192,1823,,0.12448377451614734,2.1464545375480926,7.149319349512712e-05,0.07149232423626976,0.9999999999999158,4.105784713683365e-05,3.3306265618940555e-05,1.2158623924133493e-05
GradientDescent,8192,1824,,0.12447866339479363,2.146383045651149,7.149232423626764e-05,0.07149145498408575,0.9999999999999158,4.105853452446498e-05,3.330697002576245e-05,1.2158678477672952e-05
GradientDescent,8192,1825,,0.12447355239772806,2.1463115546233795,7.149145498408336e-05,0.07149058573857074,0.9999999999999155,4.1059221927549865e-05,3.3307674468504625e-05,1.2158733029075432e-05
GradientDescent,8192,1826,,0.12446844152495062,2.1462400644647777,7.149058573857153e-05,0.0714897164997249,0.9999999999999158,4.1059909346088176e-05,3.330837894799754e-05,1.2158787578340814e-05
GradientDescent,8192,1827,,0.12446333077645777,2.146168575175336,7.148971649972279e-05,0.07148884726754841,0.9999999999999162,4.106059680862283e-05,3.3309083464244124e-05,1.2158842125080726e-05
GradientDescent,8192,1828,,0.1244582201522424,2.146097086755048,7.148884726755084e-05,0.07148797804204143,0.999999999999916,4.106128434370263e-05,3.330978801704037e-05,1.2158896669877408e-05
GradientDescent,8192,1829,,0.12445310965230805,2.1460255992039086,7.148797804204198e-05,0.07148710882320417,0.999999999999916,4.106197186570049e-05,3.3310492605768396e-05,1.2158951212148362e-05
GradientDescent,8192,1830,,0.12444799927664763,2.1459541125219093,7.148710882320391e-05,0.07148623961103677,0.9999999999999158,4.106265946025139e-05,3.3311197231672644e-05,1.215900575228171e-05
GradientDescent,8192,1831,,0.12444288902526113,2.145882626709044,7.148623961103773e-05,0.0714853704055394,0.9999999999999156,4.1063347070269e-05,3.331190189392831e-05,1.2159060290471458e-05
GradientDescent,8192,1832,,0.12443777889814855,2.1458111417653063,7.148537040553651e-05,0.07148450120671228,0.9999999999999158,4.106403469575315e-05,3.331260659274523e-05,1.2159114825746825e-05
GradientDescent,8192,1833,,0.1244326688953028,2.1457396576906893,7.14845012067125e-05,0.07148363201455554,0.9999999999999158,4.106472239380394e-05,3.3313311328126295e-05,1.2159169359272473e-05
GradientDescent,8192,1834,,0.12442755901672387,2.1456681744851864,7.148363201455146e-05,0.07148276282906939,0.999999999999916,4.1065410107328015e-05,3.331401610007442e-05,1.2159223890271741e-05
GradientDescent,8192,1835,,0.1244224492624082,2.1455966921487906,7.148276282907183e-05,0.07148189365025397,0.9999999999999156,4.106609786487767e-05,3.331472090879946e-05,1.2159278419326915e-05
GradientDescent,8192,1836,,0.12441733963235224,2.1455252106814955,7.148189365025613e-05,0.07148102447810949,0.9999999999999163,4.106678566645745e-05,3.3315425753890404e-05,1.2159332945661304e-05
GradientDescent,8192,1837,,0.124412230126556,2.1454537300832954,7.148102447810975e-05,0.0714801553126361,0.999999999999916,4.106747348351708e-05,3.3316130635143136e-05,1.2159387470051346e-05
GradientDescent,8192,1838,,0.12440712074501592,2.145382250354182,7.148015531263814e-05,0.07147928615383399,0.999999999999916,4.1068161344612394e-05,3.331683555380245e-05,1.215944199210863e-05
GradientDescent,8192,1839,,0.12440201148772845,2.1453107714941493,7.147928615382999e-05,0.07147841700170333,0.9999999999999158,4.1068849249747925e-05,3.331754050862937e-05,1.2159496511833026e-05
GradientDescent,8192,1840,,0.12439690235469358,2.1452392935031908,7.147841700170484e-05,0.0714775478562443,0.9999999999999158,4.106953717036988e-05,3.331824550004076e-05,1.2159551029418556e-05
GradientDescent,8192,1841,,0.12439179334590778,2.1451678163813,7.147754785624494e-05,0.07147667871745707,0.9999999999999162,4.1070225135037604e-05,3.331895052783251e-05,1.2159605544670943e-05
GradientDescent,8192,1842,,0.12438668446137102,2.14509634012847,7.147667871745605e-05,0.0714758095853418,0.9999999999999162,4.107091311519497e-05,3.3319655592628556e-05,1.2159660057784214e-05
GradientDescent,8192,1843,,0.12438157570107622,2.145024864744694,7.147580958534074e-05,0.0714749404598987,0.999999999999916,4.1071601167965527e-05,3.332036069381077e-05,1.2159714568369924e-05
GradientDescent,8192,1844,,0.12437646706502337,2.1449533902299653,7.147494045989502e-05,0.07147407134112792,0.9999999999999163,4.107228923623245e-05,3.332106583158906e-05,1.2159769077010425e-05
GradientDescent,8192,1845,,0.12437135855320891,2.144881916584278,7.147407134112641e-05,0.07147320222902964,0.9999999999999157,4.107297734855978e-05,3.3321771005759306e-05,1.2159823583123107e-05
GradientDescent,8192,1846,,0.1243662501656293,2.1448104438076245,7.147320222902972e-05,0.07147233312360403,0.999999999999916,4.107366550495207e-05,3.332247621694552e-05,1.2159878087290332e-05
GradientDescent,8192,1847,,0.12436114190228809,2.1447389718999985,7.14723331236037e-05,0.07147146402485129,0.9999999999999166,4.107435364828077e-05,3.33231814645295e-05,1.2159932588735308e-05
GradientDescent,8192,1848,,0.12435603376317461,2.1446675008613933,7.14714640248495e-05,0.07147059493277157,0.9999999999999157,4.1075041892811894e-05,3.332388674872118e-05,1.2159987088234573e-05
GradientDescent,8192,1849,,0.12435092574829243,2.144596030691803,7.147059493277339e-05,0.07146972584736502,0.9999999999999157,4.107573012428382e-05,3.33245920693164e-05,1.216004158578802e-05
GradientDescent,8192,1850,,0.12434581785763443,2.144524561391219,7.146972584736853e-05,0.07146885676863188,0.9999999999999163,4.1076418428401897e-05,3.332529742714634e-05,1.2160096080424645e-05
GradientDescent,8192,1851,,0.12434071009120062,2.144453092959637,7.146885676863034e-05,0.07146798769657227,0.9999999999999163,4.107710674803287e-05,3.332600282076442e-05,1.2160150573309369e-05
GradientDescent,8192,1852,,0.124335602448991,2.1443816253970485,7.146798769657389e-05,0.07146711863118642,0.9999999999999157,4.107779508317661e-05,3.332670825162306e-05,1.2160205063276998e-05
GradientDescent,8192,1853,,0.12433049493100201,2.1443101587034477,7.146711863118442e-05,0.07146624957247445,0.9999999999999157,4.107848346240653e-05,3.332741371889686e-05,1.216025955168666e-05
GradientDescent,8192,1854,,0.124325387537223,2.1442386928788277,7.14662495724766e-05,0.07146538052043654,0.9999999999999163,4.1079171942876696e-05,3.33281192227958e-05,1.2160314037955705e-05
GradientDescent,8192,1855,,0.12432028026766462,2.144167227923182,7.146538052043487e-05,0.07146451147507292,0.9999999999999163,4.107986035314546e-05,3.332882476332279e-05,1.2160368520918875e-05
GradientDescent,8192,1856,,0.12431517312231621,2.144095763836504,7.146451147507373e-05,0.07146364243638369,0.999999999999916,4.108054886466122e-05,3.332953034048075e-05,1.2160423002906288e-05
GradientDescent,8192,1857,,0.12431006610118134,2.1440243006187867,7.146364243638254e-05,0.07146277340436909,0.9999999999999164,4.1081237363124776e-05,3.333023595427258e-05,1.2160477481587555e-05
GradientDescent,8192,1858,,0.12430495920425289,2.143952838270024,7.14627734043699e-05,0.07146190437902926,0.9999999999999163,4.108192593426966e-05,3.333094160449406e-05,1.2160531958516067e-05
GradientDescent,8192,1859,,0.12429985243152375,2.1438813767902087,7.146190437902856e-05,0.07146103536036437,0.999999999999916,4.1082614578105106e-05,3.333164729176947e-05,1.2160586433303323e-05
GradientDescent,8192,1860,,0.12429474578299748,2.1438099161793343,7.146103536036545e-05,0.0714601663483746,0.9999999999999163,4.1083303208894955e-05,3.333235301548036e-05,1.2160640905755e-05
GradientDescent,8192,1861,,0.12428963925867409,2.143738456437394,7.146016634837202e-05,0.07145929734306017,0.9999999999999163,4.108399185521734e-05,3.333305877583676e-05,1.2160695375288359e-05
GradientDescent,8192,1862,,0.12428453285854646,2.1436669975643814,7.145929734305686e-05,0.07145842834442118,0.999999999999916,4.1084680574240405e-05,3.333376457284157e-05,1.216074984365109e-05
GradientDescent,8192,1863,,0.1242794265826146,2.1435955395602897,7.145842834441984e-05,0.07145755935245786,0.9999999999999161,4.108536930880275e-05,3.3334470406497714e-05,1.2160804308901039e-05
GradientDescent,8192,1864,,0.12427432043087139,2.1435240824251123,7.145755935245666e-05,0.07145669036717037,0.9999999999999161,4.1086058116077224e-05,3.333517627680809e-05,1.2160858772203296e-05
GradientDescent,8192,1865,,0.1242692144033204,2.143452626158842,7.145669036717041e-05,0.07145582138855885,0.9999999999999163,4.108674691031005e-05,3.333588218398279e-05,1.2160913233557754e-05
GradientDescent,8192,1866,,0.12426410849995806,2.1433811707614736,7.145582138856007e-05,0.07145495241662352,0.9999999999999163,4.108743574867408e-05,3.3336588127196026e-05,1.2160967692381652e-05
GradientDescent,8192,1867,,0.12425900272077728,2.143309716232999,7.145495241662403e-05,0.07145408345136453,0.9999999999999164,4.108812465976388e-05,3.333729410769376e-05,1.2161022148869069e-05
GradientDescent,8192,1868,,0.1242538970657816,2.1432382625734117,7.145408345136326e-05,0.0714532144927821,0.9999999999999164,4.1088813557815114e-05,3.3338000124857405e-05,1.2161076602825651e-05
GradientDescent,8192,1869,,0.12424879153496748,2.1431668097827057,7.145321449278346e-05,0.07145234554087633,0.9999999999999167,4.1089502500007675e-05,3.3338706178275454e-05,1.216113105522237e-05
GradientDescent,8192,1870,,0.12424368612832426,2.143095357860874,7.14523455408773e-05,0.07145147659564748,0.9999999999999167,4.109019154353321e-05,3.33394122685724e-05,1.2161185504505338e-05
GradientDescent,8192,1871,,0.12423858084586259,2.14302390680791,7.145147659564586e-05,0.07145060765709567,0.9999999999999157,4.109088051683734e-05,3.334011839554397e-05,1.216123995203397e-05
GradientDescent,8192,1872,,0.12423347568757181,2.142952456623806,7.145060765709547e-05,0.07144973872522103,0.9999999999999167,4.1091569591481196e-05,3.334082455960752e-05,1.2161294398002395e-05
GradientDescent,8192,1873,,0.12422837065344838,2.1428810073085574,7.144973872522162e-05,0.07144886980002386,0.9999999999999167,4.1092258710284585e-05,3.3341530759522634e-05,1.2161348840079741e-05
GradientDescent,8192,1874,,0.12422326574349585,2.142809558862156,7.144886980002858e-05,0.07144800088150424,0.9999999999999163,4.1092947816055566e-05,3.334223699674279e-05,1.2161403281179309e-05
GradientDescent,8192,1875,,0.1242181609577071,2.1427381112845953,7.14480008815068e-05,0.07144713196966236,0.9999999999999164,4.1093636994587565e-05,3.334294327044199e-05,1.2161457719747144e-05
GradientDescent,8192,1876,,0.1242130562960786,2.1426666645758696,7.14471319696611e-05,0.07144626306449842,0.9999999999999164,4.109432621728923e-05,3.3343649580623126e-05,1.2161512155783106e-05
GradientDescent,8192,1877,,0.12420795175861388,2.1425952187359703,7.144626306449943e-05,0.07144539416601256,0.9999999999999162,4.1095015426961566e-05,3.334435592832539e-05,1.2161566589869776e-05
GradientDescent,8192,1878,,0.12420284734530584,2.1425237737648932,7.144539416601068e-05,0.07144452527420499,0.9999999999999162,4.1095704709408584e-05,3.334506231147913e-05,1.2161621021424312e-05
GradientDescent,8192,1879,,0.12419774305615094,2.14245232966263,7.144452527420654e-05,0.07144365638907585,0.9999999999999162,4.109639403603541e-05,3.334576873215984e-05,1.216167545102931e-05
GradientDescent,8192,1880,,0.12419263889114918,2.1423808864291742,7.144365638907299e-05,0.07144278751062537,0.9999999999999157,4.109708337824129e-05,3.3346475189541425e-05,1.216172987771342e-05
GradientDescent,8192,1881,,0.12418753485030054,2.1423094440645194,7.144278751062507e-05,0.07144191863885364,0.9999999999999161,4.1097772736026096e-05,3.33471816834195e-05,1.2161784303224733e-05
GradientDescent,8192,1882,,0.12418243093359793,2.142238002568659,7.144191863885347e-05,0.07144104977376091,0.9999999999999167,4.1098462166604966e-05,3.3347888214004263e-05,1.2161838725620647e-05
GradientDescent,8192,1883,,0.12417732714104135,2.142166561941586,7.144104977375983e-05,0.07144018091534733,0.9999999999999164,4.109915161276952e-05,3.334859478129863e-05,1.2161893145872269e-05
GradientDescent,8192,1884,,0.12417222347262724,2.1420951221832945,7.144018091534677e-05,0.07143931206361305,0.9999999999999162,4.10998411031296e-05,3.334930138530551e-05,1.2161947564367993e-05
GradientDescent,8192,1885,,0.12416711992835561,2.1420236832937767,7.143931206361321e-05,0.07143844321855829,0.9999999999999161,4.1100530609078596e-05,3.335000802623513e-05,1.2162001979942157e-05
GradientDescent,8192,1886,,0.12416201650821934,2.141952245273027,7.143844321855901e-05,0.07143757438018318,0.9999999999999167,4.1101220187841076e-05,3.335071470346848e-05,1.2162056393760172e-05
GradientDescent,8192,1887,,0.12415691321221844,2.141880808121038,7.143757438017957e-05,0.07143670554848794,0.9999999999999164,4.110190978219922e-05,3.3351421417837746e-05,1.2162110804850616e-05
GradientDescent,8192,1888,,0.12415181004035647,2.141809371837803,7.143670554848972e-05,0.07143583672347269,0.9999999999999165,4.11025993635382e-05,3.335212816893121e-05,1.2162165214378936e-05
GradientDescent,8192,1889,,0.1241467069926192,2.1417379364233162,7.143583672347235e-05,0.07143496790513765,0.9999999999999167,4.1103289074932566e-05,3.335283495633712e-05,1.2162219620985158e-05
GradientDescent,8192,1890,,0.12414160406900665,2.14166650187757,7.143496790513792e-05,0.07143409909348297,0.9999999999999167,4.1103978801932764e-05,3.335354178088772e-05,1.2162274025640478e-05
GradientDescent,8192,1891,,0.12413650126952591,2.1415950682005582,7.143409909347984e-05,0.07143323028850886,0.9999999999999165,4.1104668487302167e-05,3.335424864196394e-05,1.2162328427761962e-05
GradientDescent,8192,1892,,0.12413139859416988,2.141523635392274,7.14332302885104e-05,0.07143236149021545,0.9999999999999165,4.110535824550888e-05,3.335495553977601e-05,1.2162382827932298e-05
GradientDescent,8192,1893,,0.12412629604293146,2.141452203452711,7.143236149021687e-05,0.07143149269860294,0.9999999999999165,4.1106048076562157e-05,3.335566247453424e-05,1.2162437225762815e-05
GradientDescent,8192,1894,,0.12412119361580709,2.1413807723818614,7.143149269860365e-05,0.07143062391367148,0.9999999999999164,4.110673795184951e-05,3.3356369446034194e-05,1.2162491621447666e-05
GradientDescent,8192,1895,,0.12411609131280743,2.1413093421797207,7.143062391367567e-05,0.07142975513542128,0.9999999999999164,4.110742775688374e-05,3.335707645365663e-05,1.216254601459816e-05
GradientDescent,8192,1896,,0.12411098913391472,2.1412379128462797,7.14297551354239e-05,0.07142888636385249,0.9999999999999165,4.110811772064351e-05,3.3357783499063526e-05,1.2162600405797013e-05
GradientDescent,8192,1897,,0.12410588707913606,2.141166484381534,7.142888636385244e-05,0.0714280175989653,0.9999999999999165,4.110880764277516e-05,3.3358490580183954e-05,1.2162654794266963e-05
GradientDescent,8192,1898,,0.12410078514846434,2.1410950567854754,7.1428017598964e-05,0.07142714884075987,0.9999999999999162,4.110949763777502e-05,3.335919769888735e-05,1.2162709180979307e-05
GradientDescent,8192,1899,,0.12409568334189958,2.1410236300580974,7.14271488407584e-05,0.07142628008923639,0.9999999999999161,4.1110187648397056e-05,3.335990485413967e-05,1.2162763565156776e-05
GradientDescent,8192,1900,,0.1240905816594382,2.1409522041993942,7.142628008923616e-05,0.071425411344395,0.9999999999999162,4.111087770326995e-05,3.336061204573641e-05,1.216281794738211e-05
GradientDescent,8192,1901,,0.12408548010107667,2.140880779209358,7.142541134439582e-05,0.07142454260623592,0.9999999999999162,4.111156780239827e-05,3.336131927471755e-05,1.2162872327072308e-05
GradientDescent,8192,1902,,0.12408037866681498,2.1408093550879834,7.142454260623829e-05,0.07142367387475929,0.9999999999999167,4.111225791715541e-05,3.336202653984151e-05,1.2162926704615827e-05
GradientDescent,8192,1903,,0.12407527735664958,2.140737931835263,7.142367387476003e-05,0.0714228051499653,0.9999999999999164,4.1112948076173567e-05,3.336273384214832e-05,1.2162981079818242e-05
GradientDescent,8192,1904,,0.12407017617057692,2.1406665094511896,7.142280514996769e-05,0.07142193643185413,0.9999999999999167,4.1113638279457314e-05,3.336344118122607e-05,1.2163035452679424e-05
GradientDescent,8192,1905,,0.12406507510859699,2.1405950879357576,7.142193643185261e-05,0.07142106772042595,0.9999999999999163,4.111432849837651e-05,3.336414855687023e-05,1.2163089823393547e-05
GradientDescent,8192,1906,,0.12405997417070269,2.14052366728896,7.14210677204264e-05,0.0714201990156809,0.9999999999999168,4.111501879020279e-05,3.336485596929115e-05,1.2163144192154797e-05
GradientDescent,8192,1907,,0.12405487335689758,2.1404522475107894,7.142019901568089e-05,0.07141933031761921,0.9999999999999163,4.111570906903422e-05,3.336556341890669e-05,1.2163198558185817e-05
GradientDescent,8192,1908,,0.12404977266717454,2.14038082860124,7.141933031762072e-05,0.07141846162624106,0.9999999999999165,4.11163994207807e-05,3.336627090488994e-05,1.216325292168077e-05
GradientDescent,8192,1909,,0.12404467210153358,2.1403094105603047,7.141846162624217e-05,0.07141759294154654,0.999999999999916,4.111708978817265e-05,3.3366978427866205e-05,1.2163307284194047e-05
GradientDescent,8192,1910,,0.12403957165997115,2.140237993387977,7.141759294154666e-05,0.0714167242635359,0.9999999999999165,4.1117780199850526e-05,3.336768598742347e-05,1.2163361643199437e-05
GradientDescent,8192,1911,,0.12403447134248724,2.1401665770842504,7.141672426353716e-05,0.07141585559220928,0.9999999999999165,4.111847062717713e-05,3.336839358397961e-05,1.2163416000639964e-05
GradientDescent,8192,1912,,0.12402937114907475,2.1400951616491177,7.141585559220924e-05,0.0714149869275669,0.9999999999999166,4.1119161127438225e-05,3.336910121733009e-05,1.216347035515527e-05
GradientDescent,8192,1913,,0.12402427107973368,2.140023747082573,7.141498692756585e-05,0.07141411826960888,0.9999999999999166,4.111985164335483e-05,3.336980888727032e-05,1.2163524708105477e-05
GradientDescent,8192,1914,,0.12401917113446048,2.139952333384609,7.141411826960847e-05,0.07141324961833541,0.9999999999999168,4.1120542203572106e-05,3.337051659421823e-05,1.2163579058518849e-05
GradientDescent,8192,1915,,0.1240140713132587,2.1398809205552185,7.141324961833524e-05,0.07141238097374668,0.9999999999999165,4.112123275080165e-05,3.337122433817677e-05,1.2163633406589576e-05
GradientDescent,8192,1916,,0.12400897161611768,2.1398095085943964,7.141238097374829e-05,0.07141151233584288,0.9999999999999166,4.1121923399629284e-05,3.337193211831878e-05,1.2163687752123193e-05
GradientDescent,8192,1917,,0.12400387204303742,2.1397380975021343,7.141151233584146e-05,0.07141064370462412,0.9999999999999163,4.112261406412246e-05,3.3372639936099864e-05,1.2163742096285572e-05
GradientDescent,8192,1918,,0.12399877259401793,2.139666687278427,7.141064370462534e-05,0.07140977508009062,0.999999999999917,4.1123304744281045e-05,3.3373347789862705e-05,1.2163796437521927e-05
GradientDescent,8192,1919,,0.12399367326905208,2.1395952779232674,7.140977508009567e-05,0.07140890646224254,0.9999999999999168,4.112399549740729e-05,3.337405568085543e-05,1.21638507768038e-05
GradientDescent,8192,1920,,0.123988574068147,2.1395238694366485,7.140890646223916e-05,0.07140803785108009,0.9999999999999168,4.1124686208900976e-05,3.33747636086659e-05,1.2163905113353706e-05
GradientDescent,8192,1921,,0.12398347499128848,2.1394524618185637,7.14080378510803e-05,0.0714071692466034,0.9999999999999168,4.1125377050673876e-05,3.3375471573297045e-05,1.2163959448143218e-05
GradientDescent,8192,1922,,0.1239783760384765,2.139381055069006,7.140716924660205e-05,0.07140630064881268,0.9999999999999165,4.112606790812576e-05,3.337617957495937e-05,1.21640137802005e-05
GradientDescent,8192,1923,,0.12397327720971818,2.1393096491879695,7.140630064881136e-05,0.07140543205770805,0.9999999999999165,4.1126758723944666e-05,3.337688761303309e-05,1.2164068110691499e-05
GradientDescent,8192,1924,,0.12396817850500286,2.139238244175447,7.140543205770863e-05,0.07140456347328973,0.9999999999999166,4.112744964140648e-05,3.337759568814384e-05,1.2164122438450006e-05
GradientDescent,8192,1925,,0.12396307992432698,2.1391668400314323,7.140456347329513e-05,0.07140369489555787,0.999999999999917,4.112814060320867e-05,3.337830380008698e-05,1.2164176764253292e-05
GradientDescent,8192,1926,,0.1239579814676941,2.139095436755918,7.140369489555967e-05,0.07140282632451266,0.999999999999917,4.1128831552036915e-05,3.3379011949073045e-05,1.2164231087518171e-05
GradientDescent,8192,1927,,0.12395288313509711,2.139024034348898,7.140282632451159e-05,0.07140195776015429,0.999999999999917,4.1129522573868244e-05,3.337972013448217e-05,1.2164285408244504e-05
GradientDescent,8192,1928,,0.12394778492652891,2.138952632810365,7.140195776015419e-05,0.07140108920248292,0.9999999999999166,4.1130213668711936e-05,3.338042835714769e-05,1.2164339727015233e-05
GradientDescent,8192,1929,,0.12394268684200016,2.1388812321403137,7.140108920248276e-05,0.07140022065149869,0.9999999999999168,4.113090469326237e-05,3.338113661624209e-05,1.2164394044024609e-05
GradientDescent,8192,1930,,0.1239375888815002,2.138809832338736,7.140022065149869e-05,0.07139935210720183,0.9999999999999168,4.1131595819490245e-05,3.338184491259878e-05,1.2164448357911967e-05
GradientDescent,8192,1931,,0.12393249104502191,2.138738433405625,7.139935210720128e-05,0.07139848356959244,0.9999999999999172,4.1132287018744226e-05,3.3382553245805464e-05,1.2164502670620823e-05
GradientDescent,8192,1932,,0.12392739333257241,2.1386670353409754,7.139848356959009e-05,0.07139761503867079,0.999999999999917,4.1132978176367514e-05,3.338326161565744e-05,1.2164556979818652e-05
GradientDescent,8192,1933,,0.1239222957441446,2.13859563814478,7.139761503867083e-05,0.07139674651443699,0.9999999999999168,4.113366940702135e-05,3.3383970022157605e-05,1.2164611287448995e-05
GradientDescent,8192,1934,,0.12391719827973846,2.138524241817032,7.139674651443534e-05,0.07139587799689123,0.9999999999999166,4.113436065337726e-05,3.338467846593183e-05,1.216466559273426e-05
GradientDescent,8192,1935,,0.1239121009393469,2.1384528463577244,7.139587799689207e-05,0.07139500948603367,0.9999999999999166,4.1135051972775244e-05,3.338538694656778e-05,1.2164719896063067e-05
GradientDescent,8192,1936,,0.12390700372296637,2.1383814517668513,7.139500948603448e-05,0.0713941409818645,0.9999999999999175,4.113574333655334e-05,3.338609546365305e-05,1.2164774196657785e-05
GradientDescent,8192,1937,,0.12390190663060752,2.138310058044405,7.139414098186217e-05,0.07139327248438393,0.9999999999999167,4.1136434630026455e-05,3.33868040182289e-05,1.2164828494712646e-05
GradientDescent,8192,1938,,0.12389680966225614,2.1382386651903795,7.139327248437918e-05,0.07139240399359205,0.999999999999917,4.11371260538955e-05,3.3387512609259934e-05,1.2164882791588204e-05
GradientDescent,8192,1939,,0.12389171281790512,2.1381672732047683,7.139240399359315e-05,0.0713915355094891,0.999999999999917,4.113781755082965e-05,3.3388221237164405e-05,1.2164937085340508e-05
GradientDescent,8192,1940,,0.12388661609756513,2.1380958820875646,7.139153550949034e-05,0.07139066703207522,0.9999999999999166,4.113850897745841e-05,3.338892990194525e-05,1.2164991377135731e-05
GradientDescent,8192,1941,,0.1238815195012255,2.138024491838761,7.139066703207631e-05,0.07138979856135061,0.9999999999999167,4.1139200505830316e-05,3.33896386040208e-05,1.2165045666584973e-05
GradientDescent,8192,1942,,0.12387642302888624,2.1379531024583516,7.13897985613477e-05,0.07138893009731542,0.9999999999999171,4.113989204992444e-05,3.3390347342563224e-05,1.2165099953882496e-05
GradientDescent,8192,1943,,0.12387132668054734,2.1378817139463293,7.138893009731694e-05,0.07138806163996983,0.999999999999917,4.114058360974064e-05,3.3391056118198534e-05,1.2165154239028182e-05
GradientDescent,8192,1944,,0.12386623045619816,2.137810326302688,7.138806163997131e-05,0.07138719318931402,0.9999999999999174,4.114127527132082e-05,3.339176493051426e-05,1.2165208521633108e-05
GradientDescent,8192,1945,,0.12386113435584578,2.1377389395274204,7.1387193189315e-05,0.0713863247453482,0.999999999999917,4.1141966891269704e-05,3.339247377992876e-05,1.2165262801697133e-05
GradientDescent,8192,1946,,0.12385603837948311,2.13766755362052,7.138632474535125e-05,0.07138545630807248,0.9999999999999167,4.1142658584309876e-05,3.339318266623727e-05,1.2165317080192135e-05
GradientDescent,8192,1947,,0.1238509425271066,2.1375961685819806,7.138545630807545e-05,0.07138458787748708,0.9999999999999164,4.1143350321766424e-05,3.3393891589234974e-05,1.2165371355951582e-05
GradientDescent,8192,1948,,0.12384584679871624,2.137524784411795,7.13845878774865e-05,0.07138371945359212,0.9999999999999166,4.114404207495853e-05,3.339460054934029e-05,1.2165425630141778e-05
GradientDescent,8192,1949,,0.12384075119430848,2.137453401109956,7.138371945359242e-05,0.07138285103638782,0.999999999999917,4.114473387257264e-05,3.3395309546556174e-05,1.2165479901401749e-05
GradientDescent,8192,1950,,0.12383565571387978,2.1373820186764583,7.138285103638668e-05,0.07138198262587435,0.9999999999999166,4.114542571461334e-05,3.3396018580262305e-05,1.2165534170508991e-05
GradientDescent,8192,1951,,0.12383056035743367,2.1373106371112947,7.138198262587406e-05,0.07138111422205186,0.9999999999999173,4.1146117543707334e-05,3.3396727650877104e-05,1.2165588437657797e-05
GradientDescent,8192,1952,,0.12382546512495596,2.1372392564144578,7.13811142220513e-05,0.07138024582492056,0.9999999999999173,4.114680950330037e-05,3.339743675881907e-05,1.216564270207038e-05
GradientDescent,8192,1953,,0.12382037001645729,2.1371678765859414,7.138024582491985e-05,0.0713793774344806,0.999999999999917,4.11475013925721e-05,3.3398145903467836e-05,1.2165696964524273e-05
GradientDescent,8192,1954,,0.12381527503192702,2.1370964976257385,7.137937743448066e-05,0.07137850905073215,0.9999999999999171,4.11481933836631e-05,3.33988550852419e-05,1.2165751224824939e-05
GradientDescent,8192,1955,,0.12381018017136158,2.137025119533843,7.13785090507343e-05,0.07137764067367539,0.9999999999999171,4.114888541920009e-05,3.3399564303520825e-05,1.2165805482777831e-05
GradientDescent,8192,1956,,0.12380508543476809,2.1369537423102485,7.137764067367857e-05,0.0713767723033105,0.9999999999999171,4.1149577413103125e-05,3.340027355893092e-05,1.2165859738188391e-05
GradientDescent,8192,1957,,0.12379999082213233,2.1368823659549476,7.137677230330806e-05,0.07137590393963765,0.9999999999999171,4.1150269537538763e-05,3.340098285126734e-05,1.2165913991834197e-05
GradientDescent,8192,1958,,0.12379489633345786,2.1368109904679335,7.137590393963652e-05,0.07137503558265702,0.999999999999917,4.1150961649039754e-05,3.340169218074084e-05,1.2165968242742984e-05
GradientDescent,8192,1959,,0.12378980196874467,2.1367396158492,7.137503558265867e-05,0.07137416723236878,0.9999999999999173,4.115165377629962e-05,3.3402401546938735e-05,1.216602249169234e-05
GradientDescent,8192,1960,,0.12378470772798567,2.13666824209874,7.137416723237024e-05,0.07137329888877307,0.999999999999917,4.115234597671735e-05,3.340311095027961e-05,1.2166076738682152e-05
GradientDescent,8192,1961,,0.12377961361117729,2.1365968692165476,7.137329888877303e-05,0.0713724305518701,0.9999999999999174,4.115303822160152e-05,3.34038203901429e-05,1.216613098293455e-05
GradientDescent,8192,1962,,0.12377451961832309,2.136525497202615,7.137243055187499e-05,0.07137156222166006,0.9999999999999171,4.115373045355287e-05,3.3404529867570746e-05,1.2166185224838266e-05
GradientDescent,8192,1963,,0.12376942574941596,2.1364541260569365,7.137156222166048e-05,0.0713706938981431,0.9999999999999176,4.1154422758675865e-05,3.340523938131903e-05,1.2166239464782058e-05
GradientDescent,8192,1964,,0.12376433200445591,2.136382755779505,7.137069389814363e-05,0.0713698255813194,0.9999999999999171,4.115511507957124e-05,3.340594893242993e-05,1.2166293702376918e-05
GradientDescent,8192,1965,,0.12375923838343583,2.1363113863703136,7.136982558131817e-05,0.07136895727118911,0.9999999999999167,4.1155807473649815e-05,3.340665852049069e-05,1.2166347937817165e-05
GradientDescent,8192,1966,,0.12375414488635927,2.136240017829356,7.13689572711894e-05,0.07136808896775243,0.9999999999999171,4.115649985480093e-05,3.3407368145296393e-05,1.2166402170908226e-05
GradientDescent,8192,1967,,0.12374905151322269,2.136168650156626,7.13680889677544e-05,0.07136722067100952,0.9999999999999171,4.115719228043542e-05,3.340807780705783e-05,1.2166456401844422e-05
GradientDescent,8192,1968,,0.12374395826401896,2.136097283352116,7.13672206710085e-05,0.07136635238096056,0.9999999999999168,4.115788477926688e-05,3.340878750598583e-05,1.2166510630431173e-05
GradientDescent,8192,1969,,0.1237388651387481,2.1360259174158194,7.136635238096098e-05,0.07136548409760574,0.9999999999999171,4.115857729388424e-05,3.3409497241875473e-05,1.2166564856668348e-05
GradientDescent,8192,1970,,0.1237337721374101,2.13595455234773,7.136548409760522e-05,0.0713646158209452,0.9999999999999176,4.115926982428737e-05,3.34102070145218e-05,1.2166619080944738e-05
GradientDescent,8192,1971,,0.12372867926000142,2.1358831881478406,7.1364615820946e-05,0.07136374755097913,0.9999999999999174,4.115996239918869e-05,3.341091682455145e-05,1.2166673302676842e-05
GradientDescent,8192,1972,,0.12372358650651849,2.135811824816144,7.13637475509823e-05,0.07136287928770771,0.9999999999999174,4.1160655018592804e-05,3.3411626671551595e-05,1.2166727522253446e-05
GradientDescent,8192,1973,,0.12371849387696132,2.135740462352636,7.13628792877078e-05,0.07136201103113111,0.9999999999999176,4.116134765378939e-05,3.341233655469348e-05,1.2166781739479963e-05
GradientDescent,8192,1974,,0.1237134013713228,2.135669100757307,7.13620110311321e-05,0.0713611427812495,0.9999999999999172,4.116204036221052e-05,3.3413046475851325e-05,1.21668359547452e-05
GradientDescent,8192,1975,,0.12370830898959939,2.1355977400301525,7.136114278124864e-05,0.07136027453806305,0.9999999999999174,4.116273311514823e-05,3.341375643315676e-05,1.2166890167465627e-05
GradientDescent,8192,1976,,0.12370321673179818,2.1355263801711644,7.136027453805984e-05,0.07135940630157195,0.9999999999999171,4.116342582645171e-05,3.341446642806824e-05,1.2166944378030051e-05
GradientDescent,8192,1977,,0.12369812459790852,2.1354550211803365,7.135940630157408e-05,0.07135853807177635,0.9999999999999174,4.1164118639709636e-05,3.341517645975699e-05,1.2166998586438353e-05
GradientDescent,8192,1978,,0.12369303258792685,2.1353836630576613,7.135853807177579e-05,0.07135766984867643,0.9999999999999172,4.116481149749439e-05,3.3415886528849806e-05,1.2167052792495927e-05
GradientDescent,8192,1979,,0.12368794070186384,2.135312305803134,7.135766984867749e-05,0.07135680163227241,0.9999999999999172,4.1165504284922505e-05,3.341659663410188e-05,1.2167106995813682e-05
GradientDescent,8192,1980,,0.12368284893969461,2.1352409494167457,7.135680163227304e-05,0.07135593342256438,0.9999999999999171,4.116619728921167e-05,3.341730677717985e-05,1.2167161197947337e-05
GradientDescent,8192,1981,,0.12367775730143693,2.135169593898492,7.135593342256478e-05,0.07135506521955258,0.9999999999999174,4.116689016570226e-05,3.341801695642292e-05,1.2167215396951954e-05
GradientDescent,8192,1982,,0.12367266578708014,2.1350982392483644,7.135506521955211e-05,0.07135419702323714,0.9999999999999171,4.116758314417502e-05,3.341872717349783e-05,1.2167269594188782e-05
GradientDescent,8192,1983,,0.12366757439662424,2.1350268854663565,7.135419702323775e-05,0.07135332883361827,0.9999999999999171,4.116827613846377e-05,3.341943742736766e-05,1.2167323788879757e-05
GradientDescent,8192,1984,,0.12366248313006212,2.134955532552463,7.135332883361907e-05,0.0713524606506961,0.9999999999999178,4.1168969206024244e-05,3.342014771761934e-05,1.2167377981608217e-05
GradientDescent,8192,1985,,0.12365739198739378,2.1348841805066763,7.135246065069769e-05,0.07135159247447084,0.9999999999999175,4.116966228940754e-05,3.3420858045503785e-05,1.216743217179056e-05
GradientDescent,8192,1986,,0.12365230096861923,2.1348128293289883,7.135159247447215e-05,0.07135072430494269,0.9999999999999172,4.117035538861353e-05,3.342156841081599e-05,1.2167486359426644e-05
GradientDescent,8192,1987,,0.12364721007372781,2.1347414790193944,7.135072430494409e-05,0.07134985614211174,0.9999999999999175,4.117104858983654e-05,3.342227881231085e-05,1.2167540545683335e-05
GradientDescent,8192,1988,,0.12364211930273017,2.134670129577888,7.134985614211293e-05,0.07134898798597823,0.9999999999999172,4.117174172069463e-05,3.3422989250823306e-05,1.216759472900452e-05
GradientDescent,8192,1989,,0.12363702865561566,2.1345987810044598,7.13489879859783e-05,0.07134811983654232,0.9999999999999174,4.117243495357658e-05,3.3423699727396496e-05,1.2167648910168064e-05
GradientDescent,8192,1990,,0.12363193813238071,2.1345274332991058,7.134811983654113e-05,0.07134725169380415,0.9999999999999177,4.1173128231026384e-05,3.3424410239953076e-05,1.216770308956286e-05
GradientDescent,8192,1991,,0.1236268477330289,2.1344560864618187,7.134725169380018e-05,0.07134638355776396,0.9999999999999175,4.117382149557623e-05,3.342512078974415e-05,1.216775726582723e-05
GradientDescent,8192,1992,,0.123621757457546,2.134384740492591,7.134638355776284e-05,0.07134551542842185,0.9999999999999175,4.1174514890908226e-05,3.342583137698076e-05,1.2167811440711621e-05
GradientDescent,8192,1993,,0.12361666730594267,2.134313395391416,7.134551542842415e-05,0.07134464730577804,0.9999999999999181,4.117520821587113e-05,3.342654200124979e-05,1.2167865612854341e-05
GradientDescent,8192,1994,,0.12361157727821181,2.1342420511582887,7.134464730577911e-05,0.07134377918983272,0.9999999999999171,4.117590161414943e-05,3.342725266192996e-05,1.2167919782449758e-05
GradientDescent,8192,1995,,0.12360648737434987,2.134170707793201,7.134377918983437e-05,0.07134291108058598,0.9999999999999175,4.1176595057011505e-05,3.342796336006455e-05,1.2167973950859368e-05
GradientDescent,8192,1996,,0.12360139759435329,2.134099365296146,7.134291108058852e-05,0.07134204297803808,0.9999999999999175,4.1177288544461974e-05,3.3428674095448466e-05,1.2168028115943353e-05
GradientDescent,8192,1997,,0.12359630793822562,2.1340280236671183,7.134204297803523e-05,0.07134117488218913,0.9999999999999174,4.117798201901882e-05,3.342938486746042e-05,1.2168082279452255e-05
GradientDescent,8192,1998,,0.12359121840595622,2.1339566829061094,7.134117488218966e-05,0.07134030679303936,0.9999999999999177,4.117867559565516e-05,3.3430095677143796e-05,1.2168136440218816e-05
GradientDescent,8192,1999,,0.12358612899754862,2.133885343013114,7.134030679303736e-05,0.07133943871058891,0.9999999999999172,4.1179369159402354e-05,3.3430806523253006e-05,1.2168190599021005e-05
